-0.19348999857902527 2.729180097579956 -0.24993999302387238
-0.1934099942445755 2.7596700191497803 -0.24993999302387238
-0.19077999889850616 2.795330047607422 -0.24993999302387238
-0.18554000556468964 2.835129976272583 -0.24993999302387238
-0.17760999500751495 2.878079891204834 -0.24993999302387238
-0.16689999401569366 2.9231600761413574 -0.24993999302387238
-0.15333999693393707 2.9693799018859863 -0.24993999302387238
-0.13685999810695648 3.0157198905944824 -0.24993999302387238
-0.11738000065088272 3.0611801147460938 -0.24993999302387238
-0.09482000023126602 3.104759931564331 -0.24993999302387238
-0.06910999864339828 3.1454501152038574 -0.24993999302387238
-0.03511999920010567 3.1900699138641357 -0.24993999302387238
0.0038300000596791506 3.234299898147583 -0.24993999302387238
0.04701999947428703 3.277359962463379 -0.24993999302387238
0.09374000132083893 3.3184800148010254 -0.24993999302387238
0.1432500034570694 3.35686993598938 -0.24993999302387238
0.19483999907970428 3.391740083694458 -0.24993999302387238
0.2477799952030182 3.4223101139068604 -0.24993999302387238
0.30136001110076904 3.4477999210357666 -0.24993999302387238
0.35484999418258667 3.4674301147460938 -0.24993999302387238
0.4075300097465515 3.4804000854492188 -0.24993999302387238
0.4586699903011322 3.485949993133545 -0.24993999302387238
0.5075700283050537 3.4832799434661865 -0.24993999302387238
0.5095199942588806 3.431839942932129 -0.24993999302387238
0.5077199935913086 3.380419969558716 -0.24993999302387238
0.5020899772644043 3.329050064086914 -0.24993999302387238
0.4925200045108795 3.2777600288391113 -0.24993999302387238
0.4789400100708008 3.2265501022338867 -0.24993999302387238
0.4612500071525574 3.17546010017395 -0.24993999302387238
0.4393700063228607 3.1245100498199463 -0.24993999302387238
0.41319000720977783 3.0737199783325195 -0.24993999302387238
0.38264000415802 3.0231099128723145 -0.24993999302387238
0.34762001037597656 2.9727001190185547 -0.24993999302387238
0.30803999304771423 2.9225199222564697 -0.24993999302387238
0.26381999254226685 2.8725900650024414 -0.24993999302387238
0.23962999880313873 2.8489999771118164 -0.24993999302387238
0.21069000661373138 2.8248000144958496 -0.24993999302387238
0.17770999670028687 2.8006300926208496 -0.24993999302387238
0.14137999713420868 2.7771201133728027 -0.24993999302387238
0.10239999741315842 2.754879951477051 -0.24993999302387238
0.06145999953150749 2.7345499992370605 -0.24993999302387238
0.01924999989569187 2.716749906539917 -0.24993999302387238
-0.023520000278949738 2.7021100521087646 -0.24993999302387238
-0.06616000086069107 2.6912600994110107 -0.24993999302387238
-0.10796999931335449 2.684809923171997 -0.24993999302387238
-0.1482599973678589 2.6834099292755127 -0.24993999302387238
-0.18634000420570374 2.687659978866577 -0.24993999302387238
-0.19111000001430511 2.7048399448394775 -0.24993999302387238
-0.7826099991798401 0.08135999739170074 -0.2480500042438507
-0.8155999779701233 0.10430999845266342 -0.2480500042438507
-0.8464900255203247 0.1301400065422058 -0.2480500042438507
-0.8622000217437744 0.1448799967765808 -0.2480500042438507
-0.8807100057601929 0.162990003824234 -0.2480500042438507
-0.9017900228500366 0.18449999392032623 -0.2480500042438507
-0.9251899719238281 0.20945000648498535 -0.2480500042438507
-0.9506800174713135 0.23783999681472778 -0.2480500042438507
-0.9780200123786926 0.26969999074935913 -0.2480500042438507
-1.0069799423217773 0.30507001280784607 -0.2480500042438507
-1.037310004234314 0.3439599871635437 -0.2480500042438507
-1.0687899589538574 0.3864000141620636 -0.2480500042438507
-1.1011699438095093 0.43241000175476074 -0.2480500042438507
-1.1342099905014038 0.48201999068260193 -0.2480500042438507
-1.1676900386810303 0.535260021686554 -0.2480500042438507
-1.2118500471115112 0.6130300164222717 -0.2480500042438507
-1.2567800283432007 0.7035899758338928 -0.2480500042438507
-1.301010012626648 0.8053500056266785 -0.2480500042438507
-1.3430399894714355 0.9167299866676331 -0.2480500042438507
-1.3813899755477905 1.036139965057373 -0.2480500042438507
-1.4145499467849731 1.162019968032837 -0.2480500042438507
-1.4410400390625 1.2927600145339966 -0.2480500042438507
-1.459380030632019 1.4267899990081787 -0.2480500042438507
-1.4680500030517578 1.5625200271606445 -0.2480500042438507
-1.465590000152588 1.6983799934387207 -0.2480500042438507
-1.4504899978637695 1.8327699899673462 -0.2480500042438507
-1.4212700128555298 1.9641300439834595 -0.2480500042438507
-1.394469976425171 2.042840003967285 -0.2480500042438507
-1.360509991645813 2.1179299354553223 -0.2480500042438507
-1.3203799724578857 2.1889901161193848 -0.2480500042438507
-1.2750999927520752 2.2556099891662598 -0.2480500042438507
-1.2256799936294556 2.3173699378967285 -0.2480500042438507
-1.1731300354003906 2.3738698959350586 -0.2480500042438507
-1.1184699535369873 2.424690008163452 -0.2480500042438507
-1.0627000331878662 2.469409942626953 -0.2480500042438507
-1.006850004196167 2.5076398849487305 -0.2480500042438507
-0.9519100189208984 2.5389599800109863 -0.2480500042438507
-0.8989099860191345 2.5629398822784424 -0.2480500042438507
-0.8488500118255615 2.579200029373169 -0.2480500042438507
-0.7593799829483032 2.599440097808838 -0.2480500042438507
-0.6818100214004517 2.6120800971984863 -0.2480500042438507
-0.6146299839019775 2.6180200576782227 -0.2480500042438507
-0.5563399791717529 2.618190050125122 -0.2480500042438507
-0.5054399967193604 2.613490104675293 -0.2480500042438507
-0.4604099988937378 2.604840040206909 -0.2480500042438507
-0.41975998878479004 2.593139886856079 -0.2480500042438507
-0.3819800019264221 2.5792999267578125 -0.2480500042438507
-0.3455600142478943 2.5642499923706055 -0.2480500042438507
-0.3089900016784668 2.5488901138305664 -0.2480500042438507
-0.2707799971103668 2.534130096435547 -0.2480500042438507
-0.22940999269485474 2.5208899974823 -0.2480500042438507
-0.21738000214099884 2.5168099403381348 -0.2480500042438507
-0.2035599946975708 2.511159896850586 -0.2480500042438507
-0.7120299935340881 0.044349998235702515 -0.2480500042438507
-0.74795001745224 0.06134999915957451 -0.2480500042438507
-0.6381400227546692 0.019700000062584877 -0.2480500042438507
-0.6752899885177612 0.03044000081717968 -0.2480500042438507
-0.5643200278282166 0.00798999983817339 -0.2480500042438507
-0.6010100245475769 0.012190000154078007 -0.2480500042438507
-0.49393999576568604 0.009820000268518925 -0.2480500042438507
-0.5284900069236755 0.007180000189691782 -0.2480500042438507
-0.4304099977016449 0.025760000571608543 -0.2480500042438507
-0.46110999584198 0.015990000218153 -0.2480500042438507
-0.36785000562667847 0.05014999955892563 -0.2480500042438507
-0.18788999319076538 2.5044898986816406 -0.2480500042438507
-0.17026999592781067 2.4973199367523193 -0.2480500042438507
-0.3129099905490875 0.07107999920845032 -0.2480500042438507
-0.2646600008010864 0.08879999816417694 -0.2480500042438507
-0.22213999927043915 0.10357999801635742 -0.2480500042438507
-0.15063999593257904 2.490180015563965 -0.2480500042438507
-0.12890000641345978 2.483609914779663 -0.2480500042438507
-0.1844100058078766 0.11568000167608261 -0.2480500042438507
-0.1505099982023239 0.1253799945116043 -0.2480500042438507
-0.10498999804258347 2.478140115737915 -0.2480500042438507
-0.07882999628782272 2.474289894104004 -0.2480500042438507
-0.11949999630451202 0.13294999301433563 -0.2480500042438507
-0.09043999761343002 0.13864000141620636 -0.2480500042438507
-0.05031999945640564 2.4726099967956543 -0.2480500042438507
-0.01940999925136566 2.4736099243164062 -0.2480500042438507
-0.0623599998652935 0.1427299976348877 -0.2480500042438507
-0.03434000164270401 0.14549000561237335 -0.2480500042438507
0.013989999890327454 2.477829933166504 -0.2480500042438507
0.049970000982284546 2.4858100414276123 -0.2480500042438507
-0.005410000216215849 0.14717000722885132 -0.2480500042438507
0.025380000472068787 0.14805999398231506 -0.2480500042438507
0.07800000160932541 2.4943599700927734 -0.2480500042438507
0.10766000300645828 2.5050599575042725 -0.2480500042438507
0.050540000200271606 0.14720000326633453 -0.2480500042438507
0.07746999710798264 0.1439799964427948 -0.2480500042438507
0.13880999386310577 2.517430067062378 -0.2480500042438507
0.1712999939918518 2.5309700965881348 -0.2480500042438507
0.20500999689102173 2.5452098846435547 -0.2480500042438507
0.23980000615119934 2.55964994430542 -0.2480500042438507
0.10593000054359436 0.13866999745368958 -0.2480500042438507
0.13564999401569366 0.1315699964761734 -0.2480500042438507
0.275519996881485 2.57381010055542 -0.2480500042438507
0.3120500147342682 2.5871999263763428 -0.2480500042438507
0.3492400050163269 2.5993399620056152 -0.2480500042438507
0.38697001338005066 2.6097400188446045 -0.2480500042438507
0.4250899851322174 2.6178998947143555 -0.2480500042438507
0.4634599983692169 2.623349905014038 -0.2480500042438507
0.5174700021743774 2.6282899379730225 -0.2480500042438507
0.5635799765586853 2.6312499046325684 -0.2480500042438507
0.6030200123786926 2.6323699951171875 -0.2480500042438507
0.6370300054550171 2.6317999362945557 -0.2480500042438507
0.6668300032615662 2.6296799182891846 -0.2480500042438507
0.6936500072479248 2.6261401176452637 -0.2480500042438507
0.7187100052833557 2.6213300228118896 -0.2480500042438507
0.7432600259780884 2.615380048751831 -0.2480500042438507
0.7685199975967407 2.6084299087524414 -0.2480500042438507
0.7957199811935425 2.600640058517456 -0.2480500042438507
0.8260800242424011 2.5921199321746826 -0.2480500042438507
0.8608400225639343 2.5830399990081787 -0.2480500042438507
0.8802400231361389 2.576849937438965 -0.2480500042438507
0.9040600061416626 2.566970109939575 -0.2480500042438507
0.9314000010490417 2.5538198947906494 -0.2480500042438507
0.9613900184631348 2.5378100872039795 -0.2480500042438507
0.9931300282478333 2.5193400382995605 -0.2480500042438507
1.025730013847351 2.4988200664520264 -0.2480500042438507
1.0583100318908691 2.4766499996185303 -0.2480500042438507
1.0899699926376343 2.453239917755127 -0.2480500042438507
1.1198300123214722 2.4290099143981934 -0.2480500042438507
1.1469999551773071 2.4043500423431396 -0.2480500042438507
1.1705900430679321 2.3796799182891846 -0.2480500042438507
1.189710021018982 2.3554000854492188 -0.2480500042438507
1.196120023727417 2.3463099002838135 -0.2480500042438507
1.2020200490951538 2.338279962539673 -0.2480500042438507
0.16638000309467316 0.12297999858856201 -0.2480500042438507
0.19787999987602234 0.1131799966096878 -0.2480500042438507
1.2074700593948364 2.3311500549316406 -0.2480500042438507
0.22988000512123108 0.10245999693870544 -0.2480500042438507
1.2125500440597534 2.3247900009155273 -0.2480500042438507
0.26212000846862793 0.09111999720335007 -0.2480500042438507
0.3578299880027771 0.056279998272657394 -0.2480500042438507
0.32635000348091125 0.06774000078439713 -0.2480500042438507
0.29436999559402466 0.07944999635219574 -0.2480500042438507
1.217329978942871 2.3190300464630127 -0.2480500042438507
1.2218899726867676 2.313730001449585 -0.2480500042438507
0.4122999906539917 0.037379998713731766 -0.2480500042438507
0.38853999972343445 0.04535999894142151 -0.2480500042438507
0.4580399990081787 0.024299999698996544 -0.2480500042438507
0.4353800117969513 0.030339999124407768 -0.2480500042438507
0.5031200051307678 0.015449999831616879 -0.2480500042438507
0.4805299937725067 0.01931999996304512 -0.2480500042438507
0.5495799779891968 0.011239999905228615 -0.2480500042438507
0.5260400176048279 0.012740000151097775 -0.2480500042438507
0.5994799733161926 0.012120000086724758 -0.2480500042438507
0.5739700198173523 0.011020000092685223 -0.2480500042438507
0.6548799872398376 0.01850000023841858 -0.2480500042438507
0.6263599991798401 0.014589999802410603 -0.2480500042438507
0.7110400199890137 0.032030001282691956 -0.2480500042438507
0.6852800250053406 0.023900000378489494 -0.2480500042438507
0.7700799703598022 0.06594999879598618 -0.2480500042438507
0.7395300269126892 0.04634999856352806 -0.2480500042438507
0.8348000049591064 0.11732999980449677 -0.2480500042438507
0.8020600080490112 0.08991000056266785 -0.2480500042438507
0.8999999761581421 0.178849995136261 -0.2480500042438507
0.8676699995994568 0.1472799926996231 -0.2480500042438507
0.9604700207710266 0.24323000013828278 -0.2480500042438507
0.9311500191688538 0.2111400067806244 -0.2480500042438507
1.0110100507736206 0.30316001176834106 -0.2480500042438507
0.987309992313385 0.27421000599861145 -0.2480500042438507
1.0556399822235107 0.36403998732566833 -0.2480500042438507
1.030940055847168 0.3291800022125244 -0.2480500042438507
1.1133099794387817 0.4524900019168854 -0.2480500042438507
1.0833799839019775 0.40553998947143555 -0.2480500042438507
1.176360011100769 0.5581099987030029 -0.2480500042438507
1.1445800065994263 0.5037400126457214 -0.2480500042438507
1.2379800081253052 0.6715099811553955 -0.2480500042438507
1.2077699899673462 0.6144199967384338 -0.2480500042438507
1.291409969329834 0.7833399772644043 -0.2480500042438507
1.2661499977111816 0.7282099723815918 -0.2480500042438507
1.3298300504684448 0.8842300176620483 -0.2480500042438507
1.3129199743270874 0.8357399702072144 -0.2480500042438507
1.3366600275039673 0.9296900033950806 -0.2480500042438507
1.3413000106811523 0.9276400208473206 -0.2480500042438507
1.3272000551223755 0.933650016784668 -0.2480500042438507
1.3319499492645264 0.9316800236701965 -0.2480500042438507
1.3224300146102905 0.9355999827384949 -0.2480500042438507
1.2263000011444092 2.308729887008667 -0.2480500042438507
1.2306400537490845 2.303879976272583 -0.2480500042438507
1.234969973564148 2.299030065536499 -0.2480500042438507
1.2393800020217896 2.294029951095581 -0.2480500042438507
1.243939995765686 2.2887299060821533 -0.2480500042438507
1.2487200498580933 2.2829699516296387 -0.2480500042438507
1.2207399606704712 2.2613799571990967 -0.2480500042438507
1.1873699426651 2.235610008239746 -0.2480500042438507
1.3176599740982056 0.9375500082969666 -0.2480500042438507
1.3129099607467651 0.939520001411438 -0.2480500042438507
1.1500799655914307 2.2051498889923096 -0.2480500042438507
1.3082000017166138 0.941510021686554 -0.2480500042438507
1.110319972038269 2.1694600582122803 -0.2480500042438507
1.0695500373840332 2.1280200481414795 -0.2480500042438507
1.3035600185394287 0.943560004234314 -0.2480500042438507
1.2990000247955322 0.9456599950790405 -0.2480500042438507
1.0292500257492065 2.0802900791168213 -0.2480500042438507
0.9908699989318848 2.0257699489593506 -0.2480500042438507
1.2945499420166016 0.9478399753570557 -0.2480500042438507
1.2902300357818604 0.9501100182533264 -0.2480500042438507
0.9558799862861633 1.9638999700546265 -0.2480500042438507
0.9257299900054932 1.8941800594329834 -0.2480500042438507
1.2860499620437622 0.952489972114563 -0.2480500042438507
1.197890043258667 1.010409951210022 -0.2480500042438507
0.9018999934196472 1.8160699605941772 -0.2480500042438507
0.8858500123023987 1.7290500402450562 -0.2480500042438507
1.1233099699020386 1.0702400207519531 -0.2480500042438507
1.0612000226974487 1.1313400268554688 -0.2480500042438507
0.8790299892425537 1.6325900554656982 -0.2480500042438507
0.8791700005531311 1.588919997215271 -0.2480500042438507
1.0104399919509888 1.1930700540542603 -0.2480500042438507
0.9699199795722961 1.25478994846344 -0.2480500042438507
0.8817300200462341 1.5407500267028809 -0.2480500042438507
0.8878300189971924 1.4887100458145142 -0.2480500042438507
0.938510000705719 1.315850019454956 -0.2480500042438507
0.9150999784469604 1.3756300210952759 -0.2480500042438507
0.898580014705658 1.433459997177124 -0.2480500042438507
0.19483999907970428 3.391740083694458 0.26052001118659973
0.1432500034570694 3.35686993598938 0.26052001118659973
0.09374000132083893 3.3184800148010254 0.26052001118659973
0.04701999947428703 3.277359962463379 0.26052001118659973
0.0038300000596791506 3.234299898147583 0.26052001118659973
-0.03511999920010567 3.1900699138641357 0.26052001118659973
-0.06910999864339828 3.1454501152038574 0.26052001118659973
-0.09482000023126602 3.104759931564331 0.26052001118659973
-0.11738000065088272 3.0611801147460938 0.26052001118659973
-0.13685999810695648 3.0157198905944824 0.26052001118659973
-0.15333999693393707 2.9693799018859863 0.26052001118659973
-0.16689999401569366 2.9231600761413574 0.26052001118659973
-0.17760999500751495 2.878079891204834 0.26052001118659973
-0.18554000556468964 2.835129976272583 0.26052001118659973
-0.19077999889850616 2.795330047607422 0.26052001118659973
-0.1934099942445755 2.7596800327301025 0.26052001118659973
-0.19348999857902527 2.729180097579956 0.26052001118659973
-0.19111000001430511 2.7048399448394775 0.26052001118659973
-0.18634000420570374 2.687659978866577 0.26052001118659973
-0.1482599973678589 2.6834099292755127 0.26052001118659973
-0.10796999931335449 2.684809923171997 0.26052001118659973
-0.06616000086069107 2.6912600994110107 0.26052001118659973
-0.023520000278949738 2.7021100521087646 0.26052001118659973
0.01924999989569187 2.716749906539917 0.26052001118659973
0.06145999953150749 2.7345499992370605 0.26052001118659973
0.10239999741315842 2.754879951477051 0.26052001118659973
0.14137999713420868 2.7771201133728027 0.26052001118659973
0.17770999670028687 2.800640106201172 0.26052001118659973
0.21069000661373138 2.8248000144958496 0.26052001118659973
0.23962999880313873 2.8489999771118164 0.26052001118659973
0.26381999254226685 2.8725900650024414 0.26052001118659973
0.30803999304771423 2.9225199222564697 0.26052001118659973
0.34762001037597656 2.9727001190185547 0.26052001118659973
0.38264000415802 3.0231099128723145 0.26052001118659973
0.41319000720977783 3.0737199783325195 0.26052001118659973
0.4393700063228607 3.1245100498199463 0.26052001118659973
0.4612500071525574 3.17546010017395 0.26052001118659973
0.4789400100708008 3.2265501022338867 0.26052001118659973
0.4925200045108795 3.2777600288391113 0.26052001118659973
0.5020899772644043 3.329050064086914 0.26052001118659973
0.5077199935913086 3.380419969558716 0.26052001118659973
0.5095199942588806 3.431839942932129 0.26052001118659973
0.5075700283050537 3.4832799434661865 0.26052001118659973
0.4586699903011322 3.485949993133545 0.26052001118659973
0.4075300097465515 3.4804000854492188 0.26052001118659973
0.35484999418258667 3.4674301147460938 0.26052001118659973
0.30136001110076904 3.4477999210357666 0.26052001118659973
0.2477799952030182 3.4223101139068604 0.26052001118659973
0.6370300054550171 2.6317999362945557 0.2624100148677826
0.6030200123786926 2.6323699951171875 0.2624100148677826
0.5635799765586853 2.6312499046325684 0.2624100148677826
-0.3089900016784668 2.5488901138305664 0.2624100148677826
-0.3455600142478943 2.5642499923706055 0.2624100148677826
-0.3819800019264221 2.5792999267578125 0.2624100148677826
-0.41975998878479004 2.593139886856079 0.2624100148677826
-0.4604099988937378 2.604840040206909 0.2624100148677826
-0.5054399967193604 2.613490104675293 0.2624100148677826
-0.5563399791717529 2.618190050125122 0.2624100148677826
-0.6146299839019775 2.618030071258545 0.2624100148677826
-0.6818100214004517 2.6120800971984863 0.2624100148677826
-0.7593799829483032 2.599440097808838 0.2624100148677826
-0.8488500118255615 2.579200029373169 0.2624100148677826
-0.8989099860191345 2.5629498958587646 0.2624100148677826
-0.9519100189208984 2.5389599800109863 0.2624100148677826
-1.006850004196167 2.5076398849487305 0.2624100148677826
-1.0627000331878662 2.469409942626953 0.2624100148677826
-1.1184699535369873 2.424690008163452 0.2624100148677826
-1.1731300354003906 2.3738698959350586 0.2624100148677826
-1.2256799936294556 2.3173699378967285 0.2624100148677826
-1.2750999927520752 2.2556099891662598 0.2624100148677826
-1.3203799724578857 2.1889901161193848 0.2624100148677826
-1.360509991645813 2.1179299354553223 0.2624100148677826
-1.394469976425171 2.042840003967285 0.2624100148677826
-1.4212700128555298 1.9641300439834595 0.2624100148677826
-1.4504899978637695 1.8327699899673462 0.2624100148677826
-1.465590000152588 1.6983799934387207 0.2624100148677826
-1.4680500030517578 1.5625200271606445 0.2624100148677826
-1.459380030632019 1.4267899990081787 0.2624100148677826
-1.4410400390625 1.2927600145339966 0.2624100148677826
-1.4145499467849731 1.162019968032837 0.2624100148677826
-1.3813899755477905 1.0361499786376953 0.2624100148677826
-1.3430399894714355 0.9167299866676331 0.2624100148677826
-1.301010012626648 0.8053500056266785 0.2624100148677826
-1.2567800283432007 0.7035899758338928 0.2624100148677826
-1.2118500471115112 0.6130300164222717 0.2624100148677826
-1.1676900386810303 0.535260021686554 0.2624100148677826
-1.1342099905014038 0.48201999068260193 0.2624100148677826
-1.1011699438095093 0.43241000175476074 0.2624100148677826
-1.0687899589538574 0.3864000141620636 0.2624100148677826
-1.037310004234314 0.3439599871635437 0.2624100148677826
-1.0069799423217773 0.30507001280784607 0.2624100148677826
-0.9780200123786926 0.26969999074935913 0.2624100148677826
-0.9506800174713135 0.23783999681472778 0.2624100148677826
-0.9251899719238281 0.20945000648498535 0.2624100148677826
-0.9017900228500366 0.1845099925994873 0.2624100148677826
-0.8807100057601929 0.162990003824234 0.2624100148677826
-0.8622000217437744 0.1448799967765808 0.2624100148677826
-0.8464900255203247 0.1301400065422058 0.2624100148677826
-0.8155999779701233 0.1043199971318245 0.2624100148677826
-0.7826099991798401 0.08135999739170074 0.2624100148677826
-0.74795001745224 0.06134999915957451 0.2624100148677826
-0.7120299935340881 0.044349998235702515 0.2624100148677826
-0.6752899885177612 0.03044000081717968 0.2624100148677826
-0.6381400227546692 0.019700000062584877 0.2624100148677826
-0.6010100245475769 0.012190000154078007 0.2624100148677826
-0.5643200278282166 0.00798999983817339 0.2624100148677826
-0.5284900069236755 0.007180000189691782 0.2624100148677826
-0.49393999576568604 0.009820000268518925 0.2624100148677826
-0.46110999584198 0.015990000218153 0.2624100148677826
-0.4304099977016449 0.025760000571608543 0.2624100148677826
-0.36785000562667847 0.05014999955892563 0.2624100148677826
-0.21738000214099884 2.5168099403381348 0.2624100148677826
-0.22940999269485474 2.5208899974823 0.2624100148677826
-0.2707799971103668 2.534130096435547 0.2624100148677826
-0.3129099905490875 0.07107999920845032 0.2624100148677826
-0.2035599946975708 2.511159896850586 0.2624100148677826
-0.2646600008010864 0.08879999816417694 0.2624100148677826
-0.22213999927043915 0.10357999801635742 0.2624100148677826
-0.18788999319076538 2.5044898986816406 0.2624100148677826
-0.17026999592781067 2.4973199367523193 0.2624100148677826
-0.1844100058078766 0.11568000167608261 0.2624100148677826
-0.1505099982023239 0.1253799945116043 0.2624100148677826
-0.15063999593257904 2.490180015563965 0.2624100148677826
-0.11949999630451202 0.13294999301433563 0.2624100148677826
-0.12890000641345978 2.483609914779663 0.2624100148677826
-0.09043999761343002 0.13864000141620636 0.2624100148677826
-0.10498999804258347 2.478140115737915 0.2624100148677826
-0.0623599998652935 0.1427299976348877 0.2624100148677826
-0.07882999628782272 2.474289894104004 0.2624100148677826
-0.03434000164270401 0.14549000561237335 0.2624100148677826
-0.05031999945640564 2.4726099967956543 0.2624100148677826
-0.005410000216215849 0.14717000722885132 0.2624100148677826
-0.01940999925136566 2.4736099243164062 0.2624100148677826
0.025380000472068787 0.14805999398231506 0.2624100148677826
0.013989999890327454 2.477829933166504 0.2624100148677826
0.050540000200271606 0.14720000326633453 0.2624100148677826
0.049970000982284546 2.4858100414276123 0.2624100148677826
0.07746999710798264 0.1439799964427948 0.2624100148677826
0.07800000160932541 2.4943599700927734 0.2624100148677826
0.10593000054359436 0.13866999745368958 0.2624100148677826
0.10766000300645828 2.5050599575042725 0.2624100148677826
0.13564999401569366 0.1315699964761734 0.2624100148677826
0.13880999386310577 2.517430067062378 0.2624100148677826
0.16638000309467316 0.12297999858856201 0.2624100148677826
0.23980000615119934 2.55964994430542 0.2624100148677826
0.20500999689102173 2.5452098846435547 0.2624100148677826
0.1712999939918518 2.5309700965881348 0.2624100148677826
0.19787999987602234 0.1131799966096878 0.2624100148677826
0.275519996881485 2.57381010055542 0.2624100148677826
0.3492400050163269 2.5993399620056152 0.2624100148677826
0.3120500147342682 2.5871999263763428 0.2624100148677826
0.4250899851322174 2.6178998947143555 0.2624100148677826
0.38697001338005066 2.6097400188446045 0.2624100148677826
0.5174700021743774 2.6282899379730225 0.2624100148677826
0.4634599983692169 2.623349905014038 0.2624100148677826
0.6936500072479248 2.6261401176452637 0.2624100148677826
0.6668300032615662 2.6296799182891846 0.2624100148677826
0.7432600259780884 2.615380048751831 0.2624100148677826
0.7187100052833557 2.6213300228118896 0.2624100148677826
0.7957199811935425 2.600640058517456 0.2624100148677826
0.7685199975967407 2.6084299087524414 0.2624100148677826
0.8802400231361389 2.576849937438965 0.2624100148677826
0.8608400225639343 2.5830399990081787 0.2624100148677826
0.8260800242424011 2.5921199321746826 0.2624100148677826
0.9314000010490417 2.5538198947906494 0.2624100148677826
0.9040600061416626 2.566970109939575 0.2624100148677826
0.9931300282478333 2.5193400382995605 0.2624100148677826
0.9613900184631348 2.5378100872039795 0.2624100148677826
1.0583100318908691 2.4766499996185303 0.2624100148677826
1.025730013847351 2.4988200664520264 0.2624100148677826
1.1198300123214722 2.4290099143981934 0.2624100148677826
1.0899699926376343 2.453249931335449 0.2624100148677826
1.1705900430679321 2.3796799182891846 0.2624100148677826
1.1469999551773071 2.404360055923462 0.2624100148677826
1.196120023727417 2.3463099002838135 0.2624100148677826
1.189710021018982 2.3554000854492188 0.2624100148677826
1.2020200490951538 2.338279962539673 0.2624100148677826
0.22988000512123108 0.10245999693870544 0.2624100148677826
0.26212000846862793 0.09111999720335007 0.2624100148677826
0.29436999559402466 0.07944999635219574 0.2624100148677826
0.32635000348091125 0.06774000078439713 0.2624100148677826
0.3578299880027771 0.056279998272657394 0.2624100148677826
1.2074700593948364 2.3311500549316406 0.2624100148677826
0.38853999972343445 0.04535999894142151 0.2624100148677826
0.4122999906539917 0.037379998713731766 0.2624100148677826
0.4353800117969513 0.030339999124407768 0.2624100148677826
0.4580399990081787 0.024299999698996544 0.2624100148677826
0.4805299937725067 0.01931999996304512 0.2624100148677826
0.5031200051307678 0.015449999831616879 0.2624100148677826
0.5260400176048279 0.012740000151097775 0.2624100148677826
0.5495799779891968 0.011239999905228615 0.2624100148677826
0.5739700198173523 0.011020000092685223 0.2624100148677826
0.5994799733161926 0.012120000086724758 0.2624100148677826
0.6263599991798401 0.014589999802410603 0.2624100148677826
0.6548799872398376 0.01850000023841858 0.2624100148677826
0.6852800250053406 0.023900000378489494 0.2624100148677826
0.7110400199890137 0.032030001282691956 0.2624100148677826
0.7395300269126892 0.04636000096797943 0.2624100148677826
0.7700799703598022 0.06594999879598618 0.2624100148677826
0.8020600080490112 0.08991999924182892 0.2624100148677826
0.8348000049591064 0.11732999980449677 0.2624100148677826
0.8676699995994568 0.1472799926996231 0.2624100148677826
0.8999999761581421 0.178849995136261 0.2624100148677826
0.9311500191688538 0.2111400067806244 0.2624100148677826
0.9604700207710266 0.24323000013828278 0.2624100148677826
0.987309992313385 0.27421000599861145 0.2624100148677826
1.0110100507736206 0.30316001176834106 0.2624100148677826
1.030940055847168 0.3291800022125244 0.2624100148677826
1.0556399822235107 0.36403998732566833 0.2624100148677826
1.0833799839019775 0.40553998947143555 0.2624100148677826
1.1133099794387817 0.45249998569488525 0.2624100148677826
1.1445800065994263 0.5037400126457214 0.2624100148677826
1.176360011100769 0.5581099987030029 0.2624100148677826
1.2077699899673462 0.6144199967384338 0.2624100148677826
1.2379800081253052 0.6715099811553955 0.2624100148677826
1.2661499977111816 0.7282099723815918 0.2624100148677826
1.291409969329834 0.7833399772644043 0.2624100148677826
1.3129199743270874 0.8357399702072144 0.2624100148677826
1.3298300504684448 0.8842300176620483 0.2624100148677826
1.3413000106811523 0.9276400208473206 0.2624100148677826
1.3366600275039673 0.9296900033950806 0.2624100148677826
1.3319499492645264 0.9316800236701965 0.2624100148677826
1.3272000551223755 0.933650016784668 0.2624100148677826
1.3224300146102905 0.9355999827384949 0.2624100148677826
1.2125500440597534 2.3247900009155273 0.2624100148677826
1.217329978942871 2.3190300464630127 0.2624100148677826
1.3176599740982056 0.9375500082969666 0.2624100148677826
1.3129099607467651 0.939520001411438 0.2624100148677826
1.2218899726867676 2.313730001449585 0.2624100148677826
1.234969973564148 2.299030065536499 0.2624100148677826
1.2306400537490845 2.303879976272583 0.2624100148677826
1.2263000011444092 2.308729887008667 0.2624100148677826
1.3082000017166138 0.941510021686554 0.2624100148677826
1.243939995765686 2.2887299060821533 0.2624100148677826
1.2393800020217896 2.294029951095581 0.2624100148677826
1.2207399606704712 2.2613799571990967 0.2624100148677826
1.2487200498580933 2.2829699516296387 0.2624100148677826
1.1873699426651 2.235610008239746 0.2624100148677826
1.3035600185394287 0.943560004234314 0.2624100148677826
1.2990000247955322 0.9456599950790405 0.2624100148677826
1.1500799655914307 2.2051498889923096 0.2624100148677826
1.2945499420166016 0.9478399753570557 0.2624100148677826
1.2902300357818604 0.9501100182533264 0.2624100148677826
1.110319972038269 2.1694600582122803 0.2624100148677826
1.0695500373840332 2.1280200481414795 0.2624100148677826
1.2860499620437622 0.952489972114563 0.2624100148677826
1.197890043258667 1.010409951210022 0.2624100148677826
1.0292500257492065 2.0802900791168213 0.2624100148677826
0.9908699989318848 2.0257699489593506 0.2624100148677826
1.1233099699020386 1.0702400207519531 0.2624100148677826
1.0612000226974487 1.1313400268554688 0.2624100148677826
0.9558799862861633 1.9638999700546265 0.2624100148677826
0.9257299900054932 1.8941800594329834 0.2624100148677826
1.0104399919509888 1.1930700540542603 0.2624100148677826
0.9699199795722961 1.25478994846344 0.2624100148677826
0.9018999934196472 1.8160699605941772 0.2624100148677826
0.8858500123023987 1.7290500402450562 0.2624100148677826
0.938510000705719 1.315850019454956 0.2624100148677826
0.8790299892425537 1.6325900554656982 0.2624100148677826
0.8791700005531311 1.588919997215271 0.2624100148677826
0.9150999784469604 1.3756300210952759 0.2624100148677826
0.898580014705658 1.433459997177124 0.2624100148677826
0.8817300200462341 1.5407500267028809 0.2624100148677826
0.8878300189971924 1.4887100458145142 0.2624100148677826
