0.0 0.0 -1.0
-0.19508999586105347 0.0 -0.9807900190353394
-0.19133999943733215 0.03805999830365181 -0.9807900190353394
-0.19508999586105347 0.0 0.9807900190353394
0.0 -0.0 1.0
-0.19133999943733215 0.03805999830365181 0.9807900190353394
-0.18024000525474548 0.07466000318527222 -0.9807900190353394
-0.18024000525474548 0.07466000318527222 0.9807900190353394
-0.16221000254154205 0.10839000344276428 -0.9807900190353394
-0.16221000254154205 0.10839000344276428 0.9807900190353394
-0.13795000314712524 0.13795000314712524 -0.9807900190353394
-0.13795000314712524 0.13795000314712524 0.9807900190353394
-0.10839000344276428 0.16221000254154205 -0.9807900190353394
-0.10839000344276428 0.16221000254154205 0.9807900190353394
-0.07466000318527222 0.18024000525474548 -0.9807900190353394
-0.07466000318527222 0.18024000525474548 0.9807900190353394
-0.03805999830365181 0.19133999943733215 -0.9807900190353394
-0.03805999830365181 0.19133999943733215 0.9807900190353394
0.0 0.19508999586105347 -0.9807900190353394
0.0 0.19508999586105347 0.9807900190353394
0.03805999830365181 0.19133999943733215 -0.9807900190353394
0.03805999830365181 0.19133999943733215 0.9807900190353394
0.07466000318527222 0.18024000525474548 -0.9807900190353394
0.07466000318527222 0.18024000525474548 0.9807900190353394
0.10839000344276428 0.16221000254154205 -0.9807900190353394
0.10839000344276428 0.16221000254154205 0.9807900190353394
0.13795000314712524 0.13795000314712524 -0.9807900190353394
0.13795000314712524 0.13795000314712524 0.9807900190353394
0.16221000254154205 0.10839000344276428 -0.9807900190353394
0.16221000254154205 0.10839000344276428 0.9807900190353394
0.18024000525474548 0.07466000318527222 -0.9807900190353394
0.18024000525474548 0.07466000318527222 0.9807900190353394
0.19133999943733215 0.03805999830365181 -0.9807900190353394
0.19133999943733215 0.03805999830365181 0.9807900190353394
0.19508999586105347 0.0 -0.9807900190353394
0.19508999586105347 -0.0 0.9807900190353394
0.19133999943733215 -0.03805999830365181 -0.9807900190353394
0.19133999943733215 -0.03805999830365181 0.9807900190353394
0.18024000525474548 -0.07466000318527222 -0.9807900190353394
0.18024000525474548 -0.07466000318527222 0.9807900190353394
0.16221000254154205 -0.10839000344276428 -0.9807900190353394
0.16221000254154205 -0.10839000344276428 0.9807900190353394
0.13795000314712524 -0.13795000314712524 -0.9807900190353394
0.13795000314712524 -0.13795000314712524 0.9807900190353394
0.10839000344276428 -0.16221000254154205 -0.9807900190353394
0.10839000344276428 -0.16221000254154205 0.9807900190353394
0.07466000318527222 -0.18024000525474548 -0.9807900190353394
0.07466000318527222 -0.18024000525474548 0.9807900190353394
0.03805999830365181 -0.19133999943733215 -0.9807900190353394
0.03805999830365181 -0.19133999943733215 0.9807900190353394
0.0 -0.19508999586105347 -0.9807900190353394
0.0 -0.19508999586105347 0.9807900190353394
-0.03805999830365181 -0.19133999943733215 -0.9807900190353394
-0.03805999830365181 -0.19133999943733215 0.9807900190353394
-0.07466000318527222 -0.18024000525474548 -0.9807900190353394
-0.07466000318527222 -0.18024000525474548 0.9807900190353394
-0.10839000344276428 -0.16221000254154205 -0.9807900190353394
-0.10839000344276428 -0.16221000254154205 0.9807900190353394
-0.13795000314712524 -0.13795000314712524 -0.9807900190353394
-0.13795000314712524 -0.13795000314712524 0.9807900190353394
-0.16221000254154205 -0.10839000344276428 -0.9807900190353394
-0.16221000254154205 -0.10839000344276428 0.9807900190353394
-0.18024000525474548 -0.07466000318527222 -0.9807900190353394
-0.18024000525474548 -0.07466000318527222 0.9807900190353394
-0.19133999943733215 -0.03805999830365181 -0.9807900190353394
-0.19133999943733215 -0.03805999830365181 0.9807900190353394
-0.8314700126647949 0.0 -0.5555700063705444
-0.9238799810409546 0.0 -0.3826799988746643
-0.9061300158500671 0.18024000525474548 -0.3826799988746643
-0.8154900074005127 0.16221000254154205 -0.5555700063705444
-0.9807900190353394 0.0 -0.19508999586105347
-1.0 0.0 0.0
-0.9807900190353394 0.19508999586105347 0.0
-0.9619399905204773 0.19133999943733215 -0.19508999586105347
-0.9807900190353394 0.0 0.19508999586105347
-0.9238799810409546 0.0 0.3826799988746643
-0.9061300158500671 0.18024000525474548 0.3826799988746643
-0.9619399905204773 0.19133999943733215 0.19508999586105347
-0.8314700126647949 0.0 0.5555700063705444
-0.7071099877357483 0.0 0.7071099877357483
-0.6935200095176697 0.13795000314712524 0.7071099877357483
-0.8154900074005127 0.16221000254154205 0.5555700063705444
-0.5555700063705444 0.0 0.8314700126647949
-0.3826799988746643 0.0 0.9238799810409546
-0.37533000111579895 0.07466000318527222 0.9238799810409546
-0.5449000000953674 0.10839000344276428 0.8314700126647949
-0.3826799988746643 0.0 -0.9238799810409546
-0.5555700063705444 0.0 -0.8314700126647949
-0.5449000000953674 0.10839000344276428 -0.8314700126647949
-0.37533000111579895 0.07466000318527222 -0.9238799810409546
-0.7071099877357483 0.0 -0.7071099877357483
-0.6935200095176697 0.13795000314712524 -0.7071099877357483
-0.7681800127029419 0.3181900084018707 0.5555700063705444
-0.8535500168800354 0.353549987077713 0.3826799988746643
-0.5132799744606018 0.21261000633239746 0.8314700126647949
-0.6532800197601318 0.27059999108314514 0.7071099877357483
-0.353549987077713 0.1464499980211258 -0.9238799810409546
-0.353549987077713 0.1464499980211258 0.9238799810409546
-0.6532800197601318 0.27059999108314514 -0.7071099877357483
-0.5132799744606018 0.21261000633239746 -0.8314700126647949
-0.8535500168800354 0.353549987077713 -0.3826799988746643
-0.7681800127029419 0.3181900084018707 -0.5555700063705444
-0.9238799810409546 0.3826799988746643 0.0
-0.9061300158500671 0.37533000111579895 -0.19508999586105347
-0.9061300158500671 0.37533000111579895 0.19508999586105347
-0.6913400292396545 0.4619399905204773 0.5555700063705444
-0.7681800127029419 0.5132799744606018 0.3826799988746643
-0.4619399905204773 0.30866000056266785 0.8314700126647949
-0.587939977645874 0.39285001158714294 0.7071099877357483
-0.3181900084018707 0.21261000633239746 -0.9238799810409546
-0.3181900084018707 0.21261000633239746 0.9238799810409546
-0.587939977645874 0.39285001158714294 -0.7071099877357483
-0.4619399905204773 0.30866000056266785 -0.8314700126647949
-0.7681800127029419 0.5132799744606018 -0.3826799988746643
-0.6913400292396545 0.4619399905204773 -0.5555700063705444
-0.8314700126647949 0.5555700063705444 0.0
-0.8154900074005127 0.5449000000953674 -0.19508999586105347
-0.8154900074005127 0.5449000000953674 0.19508999586105347
-0.587939977645874 0.587939977645874 0.5555700063705444
-0.6532800197601318 0.6532800197601318 0.3826799988746643
-0.39285001158714294 0.39285001158714294 0.8314700126647949
-0.5 0.5 0.7071099877357483
-0.27059999108314514 0.27059999108314514 -0.9238799810409546
-0.27059999108314514 0.27059999108314514 0.9238799810409546
-0.5 0.5 -0.7071099877357483
-0.39285001158714294 0.39285001158714294 -0.8314700126647949
-0.6532800197601318 0.6532800197601318 -0.3826799988746643
-0.587939977645874 0.587939977645874 -0.5555700063705444
-0.7071099877357483 0.7071099877357483 0.0
-0.6935200095176697 0.6935200095176697 -0.19508999586105347
-0.6935200095176697 0.6935200095176697 0.19508999586105347
-0.4619399905204773 0.6913400292396545 0.5555700063705444
-0.5132799744606018 0.7681800127029419 0.3826799988746643
-0.30866000056266785 0.4619399905204773 0.8314700126647949
-0.39285001158714294 0.587939977645874 0.7071099877357483
-0.21261000633239746 0.3181900084018707 -0.9238799810409546
-0.21261000633239746 0.3181900084018707 0.9238799810409546
-0.39285001158714294 0.587939977645874 -0.7071099877357483
-0.30866000056266785 0.4619399905204773 -0.8314700126647949
-0.5132799744606018 0.7681800127029419 -0.3826799988746643
-0.4619399905204773 0.6913400292396545 -0.5555700063705444
-0.5555700063705444 0.8314700126647949 0.0
-0.5448899865150452 0.8154900074005127 -0.19508999586105347
-0.5448899865150452 0.8154900074005127 0.19508999586105347
-0.3181900084018707 0.7681800127029419 0.5555700063705444
-0.353549987077713 0.8535500168800354 0.3826799988746643
-0.21261000633239746 0.5132799744606018 0.8314700126647949
-0.27059999108314514 0.6532800197601318 0.7071099877357483
-0.1464499980211258 0.353549987077713 -0.9238799810409546
-0.1464499980211258 0.353549987077713 0.9238799810409546
-0.27059999108314514 0.6532800197601318 -0.7071099877357483
-0.21261000633239746 0.5132799744606018 -0.8314700126647949
-0.353549987077713 0.8535500168800354 -0.3826799988746643
-0.3181900084018707 0.7681800127029419 -0.5555700063705444
-0.3826799988746643 0.9238799810409546 0.0
-0.37533000111579895 0.9061300158500671 -0.19508999586105347
-0.37533000111579895 0.9061300158500671 0.19508999586105347
-0.16221000254154205 0.8154900074005127 0.5555700063705444
-0.18024000525474548 0.9061300158500671 0.3826799988746643
-0.10839000344276428 0.5449000000953674 0.8314700126647949
-0.13795000314712524 0.6935200095176697 0.7071099877357483
-0.07466000318527222 0.37533000111579895 -0.9238799810409546
-0.07466000318527222 0.37533000111579895 0.9238799810409546
-0.13795000314712524 0.6935200095176697 -0.7071099877357483
-0.10839000344276428 0.5449000000953674 -0.8314700126647949
-0.18024000525474548 0.9061300158500671 -0.3826799988746643
-0.16221000254154205 0.8154900074005127 -0.5555700063705444
-0.19508999586105347 0.9807900190353394 0.0
-0.19133999943733215 0.9619399905204773 -0.19508999586105347
-0.19133999943733215 0.9619399905204773 0.19508999586105347
0.0 0.8314700126647949 0.5555700063705444
0.0 0.9238799810409546 0.3826799988746643
0.0 0.5555700063705444 0.8314700126647949
0.0 0.7071099877357483 0.7071099877357483
0.0 0.3826799988746643 -0.9238799810409546
0.0 0.3826799988746643 0.9238799810409546
0.0 0.7071099877357483 -0.7071099877357483
0.0 0.5555700063705444 -0.8314700126647949
0.0 0.9238799810409546 -0.3826799988746643
0.0 0.8314700126647949 -0.5555700063705444
0.0 1.0 0.0
0.0 0.9807900190353394 -0.19508999586105347
0.0 0.9807900190353394 0.19508999586105347
0.16221000254154205 0.8154900074005127 0.5555700063705444
0.18024000525474548 0.9061300158500671 0.3826799988746643
0.10839000344276428 0.5449000000953674 0.8314700126647949
0.13795000314712524 0.6935200095176697 0.7071099877357483
0.07466000318527222 0.37533000111579895 -0.9238799810409546
0.07466000318527222 0.37533000111579895 0.9238799810409546
0.13795000314712524 0.6935200095176697 -0.7071099877357483
0.10839000344276428 0.5449000000953674 -0.8314700126647949
0.18024000525474548 0.9061300158500671 -0.3826799988746643
0.16221000254154205 0.8154900074005127 -0.5555700063705444
0.19508999586105347 0.9807900190353394 0.0
0.19133999943733215 0.9619399905204773 -0.19508999586105347
0.19133999943733215 0.9619399905204773 0.19508999586105347
0.3181900084018707 0.7681800127029419 0.5555700063705444
0.353549987077713 0.8535500168800354 0.3826799988746643
0.21261000633239746 0.5132799744606018 0.8314700126647949
0.27059999108314514 0.6532800197601318 0.7071099877357483
0.1464499980211258 0.353549987077713 -0.9238799810409546
0.1464499980211258 0.353549987077713 0.9238799810409546
0.27059999108314514 0.6532800197601318 -0.7071099877357483
0.21261000633239746 0.5132799744606018 -0.8314700126647949
0.353549987077713 0.8535500168800354 -0.3826799988746643
0.3181900084018707 0.7681800127029419 -0.5555700063705444
0.3826799988746643 0.9238799810409546 0.0
0.37533000111579895 0.9061300158500671 -0.19508999586105347
0.37533000111579895 0.9061300158500671 0.19508999586105347
0.4619399905204773 0.6913400292396545 0.5555700063705444
0.5132799744606018 0.7681800127029419 0.3826799988746643
0.30866000056266785 0.4619399905204773 0.8314700126647949
0.39285001158714294 0.587939977645874 0.7071099877357483
0.21261000633239746 0.3181900084018707 -0.9238799810409546
0.21261000633239746 0.3181900084018707 0.9238799810409546
0.39285001158714294 0.587939977645874 -0.7071099877357483
0.30866000056266785 0.4619399905204773 -0.8314700126647949
0.5132799744606018 0.7681800127029419 -0.3826799988746643
0.4619399905204773 0.6913400292396545 -0.5555700063705444
0.5555700063705444 0.8314700126647949 0.0
0.5449000000953674 0.8154900074005127 -0.19508999586105347
0.5449000000953674 0.8154900074005127 0.19508999586105347
0.587939977645874 0.587939977645874 0.5555700063705444
0.6532800197601318 0.6532800197601318 0.3826799988746643
0.39285001158714294 0.39285001158714294 0.8314700126647949
0.5 0.5 0.7071099877357483
0.27059999108314514 0.27059999108314514 -0.9238799810409546
0.27059999108314514 0.27059999108314514 0.9238799810409546
0.5 0.5 -0.7071099877357483
0.39285001158714294 0.39285001158714294 -0.8314700126647949
0.6532800197601318 0.6532800197601318 -0.3826799988746643
0.587939977645874 0.587939977645874 -0.5555700063705444
0.7071099877357483 0.7071099877357483 0.0
0.6935200095176697 0.6935200095176697 -0.19508999586105347
0.6935200095176697 0.6935200095176697 0.19508999586105347
0.6913400292396545 0.4619399905204773 0.5555700063705444
0.7681800127029419 0.5132799744606018 0.3826799988746643
0.4619399905204773 0.30866000056266785 0.8314700126647949
0.587939977645874 0.39285001158714294 0.7071099877357483
0.3181900084018707 0.21261000633239746 -0.9238799810409546
0.3181900084018707 0.21261000633239746 0.9238799810409546
0.587939977645874 0.39285001158714294 -0.7071099877357483
0.4619399905204773 0.30866000056266785 -0.8314700126647949
0.7681800127029419 0.5132799744606018 -0.3826799988746643
0.6913400292396545 0.4619399905204773 -0.5555700063705444
0.8314700126647949 0.5555700063705444 0.0
0.8154900074005127 0.5448899865150452 -0.19508999586105347
0.8154900074005127 0.5448899865150452 0.19508999586105347
0.7681800127029419 0.3181900084018707 0.5555700063705444
0.8535500168800354 0.353549987077713 0.3826799988746643
0.5132799744606018 0.21261000633239746 0.8314700126647949
0.6532800197601318 0.27059999108314514 0.7071099877357483
0.353549987077713 0.1464499980211258 -0.9238799810409546
0.353549987077713 0.1464499980211258 0.9238799810409546
0.6532800197601318 0.27059999108314514 -0.7071099877357483
0.5132799744606018 0.21261000633239746 -0.8314700126647949
0.8535500168800354 0.353549987077713 -0.3826799988746643
0.7681800127029419 0.3181900084018707 -0.5555700063705444
0.9238799810409546 0.3826799988746643 0.0
0.9061300158500671 0.37533000111579895 -0.19508999586105347
0.9061300158500671 0.37533000111579895 0.19508999586105347
0.8154900074005127 0.16221000254154205 0.5555700063705444
0.9061300158500671 0.18024000525474548 0.3826799988746643
0.5449000000953674 0.10839000344276428 0.8314700126647949
0.6935200095176697 0.13795000314712524 0.7071099877357483
0.37533000111579895 0.07466000318527222 -0.9238799810409546
0.37533000111579895 0.07466000318527222 0.9238799810409546
0.6935200095176697 0.13795000314712524 -0.7071099877357483
0.5449000000953674 0.10839000344276428 -0.8314700126647949
0.9061300158500671 0.18024000525474548 -0.3826799988746643
0.8154900074005127 0.16221000254154205 -0.5555700063705444
0.9807900190353394 0.19508999586105347 0.0
0.9619399905204773 0.19133999943733215 -0.19508999586105347
0.9619399905204773 0.19133999943733215 0.19508999586105347
0.8314700126647949 -0.0 0.5555700063705444
0.9238799810409546 0.0 0.3826799988746643
0.5555700063705444 0.0 0.8314700126647949
0.7071099877357483 -0.0 0.7071099877357483
0.3826799988746643 0.0 -0.9238799810409546
0.3826799988746643 0.0 0.9238799810409546
0.7071099877357483 -0.0 -0.7071099877357483
0.5555700063705444 -0.0 -0.8314700126647949
0.9238799810409546 0.0 -0.3826799988746643
0.8314700126647949 -0.0 -0.5555700063705444
1.0 -0.0 0.0
0.9807900190353394 -0.0 -0.19508999586105347
0.9807900190353394 -0.0 0.19508999586105347
0.8154900074005127 -0.16221000254154205 0.5555700063705444
0.9061300158500671 -0.18024000525474548 0.3826799988746643
0.5449000000953674 -0.10839000344276428 0.8314700126647949
0.6935200095176697 -0.13795000314712524 0.7071099877357483
0.37533000111579895 -0.07466000318527222 -0.9238799810409546
0.37533000111579895 -0.07466000318527222 0.9238799810409546
0.6935200095176697 -0.13795000314712524 -0.7071099877357483
0.5449000000953674 -0.10839000344276428 -0.8314700126647949
0.9061300158500671 -0.18024000525474548 -0.3826799988746643
0.8154900074005127 -0.16221000254154205 -0.5555700063705444
0.9807900190353394 -0.19508999586105347 0.0
0.9619399905204773 -0.19133999943733215 -0.19508999586105347
0.9619399905204773 -0.19133999943733215 0.19508999586105347
0.7681800127029419 -0.3181900084018707 0.5555700063705444
0.8535500168800354 -0.353549987077713 0.3826799988746643
0.5132799744606018 -0.21261000633239746 0.8314700126647949
0.6532800197601318 -0.27059999108314514 0.7071099877357483
0.353549987077713 -0.1464499980211258 -0.9238799810409546
0.353549987077713 -0.1464499980211258 0.9238799810409546
0.6532800197601318 -0.27059999108314514 -0.7071099877357483
0.5132799744606018 -0.21261000633239746 -0.8314700126647949
0.8535500168800354 -0.353549987077713 -0.3826799988746643
0.7681800127029419 -0.3181900084018707 -0.5555700063705444
0.9238799810409546 -0.3826799988746643 0.0
0.9061300158500671 -0.37533000111579895 -0.19508999586105347
0.9061300158500671 -0.37533000111579895 0.19508999586105347
0.6913400292396545 -0.4619399905204773 0.5555700063705444
0.7681800127029419 -0.5132799744606018 0.3826799988746643
0.4619399905204773 -0.30866000056266785 0.8314700126647949
0.587939977645874 -0.39285001158714294 0.7071099877357483
0.3181900084018707 -0.21261000633239746 -0.9238799810409546
0.3181900084018707 -0.21261000633239746 0.9238799810409546
0.587939977645874 -0.39285001158714294 -0.7071099877357483
0.4619399905204773 -0.30866000056266785 -0.8314700126647949
0.7681800127029419 -0.5132799744606018 -0.3826799988746643
0.6913400292396545 -0.4619399905204773 -0.5555700063705444
0.8314700126647949 -0.5555700063705444 0.0
0.8154900074005127 -0.5449000000953674 -0.19508999586105347
0.8154900074005127 -0.5449000000953674 0.19508999586105347
0.587939977645874 -0.587939977645874 0.5555700063705444
0.6532800197601318 -0.6532800197601318 0.3826799988746643
0.39285001158714294 -0.39285001158714294 0.8314700126647949
0.5 -0.5 0.7071099877357483
0.27059999108314514 -0.27059999108314514 -0.9238799810409546
0.27059999108314514 -0.27059999108314514 0.9238799810409546
0.5 -0.5 -0.7071099877357483
0.39285001158714294 -0.39285001158714294 -0.8314700126647949
0.6532800197601318 -0.6532800197601318 -0.3826799988746643
0.587939977645874 -0.587939977645874 -0.5555700063705444
0.7071099877357483 -0.7071099877357483 0.0
0.6935200095176697 -0.6935200095176697 -0.19508999586105347
0.6935200095176697 -0.6935200095176697 0.19508999586105347
0.4619399905204773 -0.6913400292396545 0.5555700063705444
0.5132799744606018 -0.7681800127029419 0.3826799988746643
0.30866000056266785 -0.4619399905204773 0.8314700126647949
0.39285001158714294 -0.587939977645874 0.7071099877357483
0.21261000633239746 -0.3181900084018707 -0.9238799810409546
0.21261000633239746 -0.3181900084018707 0.9238799810409546
0.39285001158714294 -0.587939977645874 -0.7071099877357483
0.30866000056266785 -0.4619399905204773 -0.8314700126647949
0.5132799744606018 -0.7681800127029419 -0.3826799988746643
0.4619399905204773 -0.6913400292396545 -0.5555700063705444
0.5555700063705444 -0.8314700126647949 0.0
0.5449000000953674 -0.8154900074005127 -0.19508999586105347
0.5449000000953674 -0.8154900074005127 0.19508999586105347
0.3181900084018707 -0.7681800127029419 0.5555700063705444
0.353549987077713 -0.8535500168800354 0.3826799988746643
0.21261000633239746 -0.5132799744606018 0.8314700126647949
0.27059999108314514 -0.6532800197601318 0.7071099877357483
0.1464499980211258 -0.353549987077713 -0.9238799810409546
0.1464499980211258 -0.353549987077713 0.9238799810409546
0.27059999108314514 -0.6532800197601318 -0.7071099877357483
0.21261000633239746 -0.5132799744606018 -0.8314700126647949
0.353549987077713 -0.8535500168800354 -0.3826799988746643
0.3181900084018707 -0.7681800127029419 -0.5555700063705444
0.3826799988746643 -0.9238799810409546 0.0
0.37533000111579895 -0.9061300158500671 -0.19508999586105347
0.37533000111579895 -0.9061300158500671 0.19508999586105347
0.16221000254154205 -0.8154900074005127 0.5555700063705444
0.18024000525474548 -0.9061300158500671 0.3826799988746643
0.10839000344276428 -0.5449000000953674 0.8314700126647949
0.13795000314712524 -0.6935200095176697 0.7071099877357483
0.07466000318527222 -0.37533000111579895 -0.9238799810409546
0.07466000318527222 -0.37533000111579895 0.9238799810409546
0.13795000314712524 -0.6935200095176697 -0.7071099877357483
0.10839000344276428 -0.5448899865150452 -0.8314700126647949
0.18024000525474548 -0.9061300158500671 -0.3826799988746643
0.16221000254154205 -0.8154900074005127 -0.5555700063705444
0.19508999586105347 -0.9807900190353394 0.0
0.19133999943733215 -0.9619399905204773 -0.19508999586105347
0.19133999943733215 -0.9619399905204773 0.19508999586105347
0.0 -0.8314700126647949 0.5555700063705444
0.0 -0.9238799810409546 0.3826799988746643
0.0 -0.5555700063705444 0.8314700126647949
0.0 -0.7071099877357483 0.7071099877357483
0.0 -0.3826799988746643 -0.9238799810409546
0.0 -0.3826799988746643 0.9238799810409546
0.0 -0.7071099877357483 -0.7071099877357483
0.0 -0.5555700063705444 -0.8314700126647949
0.0 -0.9238799810409546 -0.3826799988746643
0.0 -0.8314700126647949 -0.5555700063705444
0.0 -1.0 0.0
0.0 -0.9807800054550171 -0.19508999586105347
0.0 -0.9807800054550171 0.19508999586105347
-0.16221000254154205 -0.8154900074005127 0.5555700063705444
-0.18024000525474548 -0.9061300158500671 0.3826799988746643
-0.10839000344276428 -0.5449000000953674 0.8314700126647949
-0.13795000314712524 -0.6935200095176697 0.7071099877357483
-0.07466000318527222 -0.37533000111579895 -0.9238799810409546
-0.07466000318527222 -0.37533000111579895 0.9238799810409546
-0.13795000314712524 -0.6935200095176697 -0.7071099877357483
-0.10839000344276428 -0.5448899865150452 -0.8314700126647949
-0.18024000525474548 -0.9061300158500671 -0.3826799988746643
-0.16221000254154205 -0.8154900074005127 -0.5555700063705444
-0.19508999586105347 -0.9807900190353394 0.0
-0.19133999943733215 -0.9619399905204773 -0.19508999586105347
-0.19133999943733215 -0.9619399905204773 0.19508999586105347
-0.3181900084018707 -0.7681800127029419 0.5555700063705444
-0.353549987077713 -0.8535500168800354 0.3826799988746643
-0.21261000633239746 -0.5132799744606018 0.8314700126647949
-0.27059999108314514 -0.6532800197601318 0.7071099877357483
-0.1464499980211258 -0.353549987077713 -0.9238799810409546
-0.1464499980211258 -0.353549987077713 0.9238799810409546
-0.27059999108314514 -0.6532800197601318 -0.7071099877357483
-0.21261000633239746 -0.5132799744606018 -0.8314700126647949
-0.353549987077713 -0.8535500168800354 -0.3826799988746643
-0.3181900084018707 -0.7681800127029419 -0.5555700063705444
-0.3826799988746643 -0.9238799810409546 0.0
-0.37533000111579895 -0.9061300158500671 -0.19508999586105347
-0.37533000111579895 -0.9061300158500671 0.19508999586105347
-0.4619399905204773 -0.6913400292396545 0.5555700063705444
-0.5132799744606018 -0.7681800127029419 0.3826799988746643
-0.30866000056266785 -0.4619399905204773 0.8314700126647949
-0.39285001158714294 -0.587939977645874 0.7071099877357483
-0.21261000633239746 -0.3181900084018707 -0.9238799810409546
-0.21261000633239746 -0.3181900084018707 0.9238799810409546
-0.39285001158714294 -0.587939977645874 -0.7071099877357483
-0.30866000056266785 -0.4619399905204773 -0.8314700126647949
-0.5132799744606018 -0.7681800127029419 -0.3826799988746643
-0.4619399905204773 -0.6913400292396545 -0.5555700063705444
-0.5555700063705444 -0.8314700126647949 0.0
-0.5448899865150452 -0.8154900074005127 -0.19508999586105347
-0.5448899865150452 -0.8154900074005127 0.19508999586105347
-0.587939977645874 -0.587939977645874 0.5555700063705444
-0.6532800197601318 -0.6532800197601318 0.3826799988746643
-0.39285001158714294 -0.39285001158714294 0.8314700126647949
-0.5 -0.5 0.7071099877357483
-0.27059999108314514 -0.27059999108314514 -0.9238799810409546
-0.27059999108314514 -0.27059999108314514 0.9238799810409546
-0.5 -0.5 -0.7071099877357483
-0.39285001158714294 -0.39285001158714294 -0.8314700126647949
-0.6532800197601318 -0.6532800197601318 -0.3826799988746643
-0.587939977645874 -0.587939977645874 -0.5555700063705444
-0.7071099877357483 -0.7071099877357483 0.0
-0.6935200095176697 -0.6935200095176697 -0.19508999586105347
-0.6935200095176697 -0.6935200095176697 0.19508999586105347
-0.6913400292396545 -0.4619399905204773 0.5555700063705444
-0.7681800127029419 -0.5132799744606018 0.3826799988746643
-0.4619399905204773 -0.30866000056266785 0.8314700126647949
-0.587939977645874 -0.39285001158714294 0.7071099877357483
-0.3181900084018707 -0.21261000633239746 -0.9238799810409546
-0.3181900084018707 -0.21261000633239746 0.9238799810409546
-0.587939977645874 -0.39285001158714294 -0.7071099877357483
-0.4619399905204773 -0.30866000056266785 -0.8314700126647949
-0.7681800127029419 -0.5132799744606018 -0.3826799988746643
-0.6913400292396545 -0.4619399905204773 -0.5555700063705444
-0.8314700126647949 -0.5555700063705444 0.0
-0.8154900074005127 -0.5448899865150452 -0.19508999586105347
-0.8154900074005127 -0.5448899865150452 0.19508999586105347
-0.7681800127029419 -0.3181900084018707 0.5555700063705444
-0.8535500168800354 -0.353549987077713 0.3826799988746643
-0.5132799744606018 -0.21261000633239746 0.8314700126647949
-0.6532800197601318 -0.27059999108314514 0.7071099877357483
-0.353549987077713 -0.1464499980211258 -0.9238799810409546
-0.353549987077713 -0.1464499980211258 0.9238799810409546
-0.6532800197601318 -0.27059999108314514 -0.7071099877357483
-0.5132799744606018 -0.21261000633239746 -0.8314700126647949
-0.8535500168800354 -0.353549987077713 -0.3826799988746643
-0.7681800127029419 -0.3181900084018707 -0.5555700063705444
-0.9238799810409546 -0.3826799988746643 0.0
-0.9061300158500671 -0.37533000111579895 -0.19508999586105347
-0.9061300158500671 -0.37533000111579895 0.19508999586105347
-0.8154900074005127 -0.16221000254154205 0.5555700063705444
-0.9061300158500671 -0.18024000525474548 0.3826799988746643
-0.5448899865150452 -0.10839000344276428 0.8314700126647949
-0.6935200095176697 -0.13795000314712524 0.7071099877357483
-0.37533000111579895 -0.07466000318527222 -0.9238799810409546
-0.37533000111579895 -0.07466000318527222 0.9238799810409546
-0.6935200095176697 -0.13795000314712524 -0.7071099877357483
-0.5448899865150452 -0.10839000344276428 -0.8314700126647949
-0.9061300158500671 -0.18024000525474548 -0.3826799988746643
-0.8154900074005127 -0.16221000254154205 -0.5555700063705444
-0.9807800054550171 -0.19508999586105347 0.0
-0.9619399905204773 -0.19133999943733215 -0.19508999586105347
-0.9619399905204773 -0.19133999943733215 0.19508999586105347
