-22.44929313659668 83.98197937011719 175.3367919921875
-37.836585998535156 74.98119354248047 181.33450317382812
0.31911277770996094 -0.09649935364723206 171.1138916015625
-53.04836654663086 63.94953918457031 185.15966796875
-66.32202911376953 52.08014678955078 186.04833984375
-76.9993896484375 38.68299102783203 185.7000732421875
-83.95999145507812 23.796876907348633 184.42410278320312
-87.85061645507812 7.993849754333496 182.11325073242188
-87.85061645507812 0.0 182.11325073242188
0.0 58.21983337402344 -189.68557739257812
1.103789699641311e-07 2.6490953430879927e-08 -188.72647094726562
-16.98208999633789 55.98248291015625 -192.30039978027344
-27.577415466308594 51.593753814697266 -196.21755981445312
-37.43457794189453 45.22230911254883 -199.30972290039062
-47.763267517089844 37.112998962402344 -200.34524536132812
-56.583038330078125 27.57744598388672 -198.89813232421875
-61.69295883178711 16.982107162475586 -196.43690490722656
-64.1585464477539 5.734164237976074 -194.88858032226562
22.44929313659668 83.98197937011719 175.3367919921875
37.836585998535156 74.98119354248047 181.33450317382812
53.04836654663086 63.94953918457031 185.15966796875
66.32202911376953 52.08014678955078 186.04833984375
76.9993896484375 38.68299102783203 185.7000732421875
83.95999145507812 23.796876907348633 184.42410278320312
87.85061645507812 7.993849754333496 182.11325073242188
87.85061645507812 0.0 182.11325073242188
27.577415466308594 51.59375762939453 -196.21755981445312
16.98208999633789 55.98248291015625 -192.30039978027344
37.43457794189453 45.222312927246094 -199.30972290039062
47.763267517089844 37.112998962402344 -200.34524536132812
56.583038330078125 27.57744598388672 -198.89813232421875
61.69295883178711 16.982107162475586 -196.43690490722656
64.1585464477539 5.734164237976074 -194.88858032226562
0.0 89.61021423339844 171.33712768554688
156.90103149414062 128.76531982421875 132.48150634765625
180.839599609375 91.25719451904297 132.48150634765625
162.38299560546875 137.46224975585938 112.40880584716797
142.5663299560547 173.7175750732422 69.72470092773438
139.66685485839844 170.1845703125 91.25485229492188
149.99722290039062 159.8542022705078 91.25485229492188
143.39828491210938 174.73133850097656 8.224051475524902
145.88121032714844 171.24598693847656 1.8473640011507086e-05
142.94644165039062 174.18075561523438 1.850724220275879e-05
174.57855224609375 125.0411605834961 -46.52129364013672
166.71083068847656 136.8160400390625 -46.52129364013672
168.16229248046875 138.00721740722656 -38.76802444458008
207.71527099609375 20.458112716674805 -69.7925033569336
199.935546875 60.649742126464844 -69.2209701538086
200.84591674804688 60.925899505615234 -66.01332092285156
187.41604614257812 100.17593383789062 -57.16114044189453
187.42230224609375 60.68839645385742 -57.123085021972656
179.5160369873047 57.4867057800293 131.3316650390625
189.32594299316406 57.413734436035156 139.58816528320312
174.60397338867188 101.07991027832031 -46.52129364013672
161.8954620361328 94.45038604736328 111.76969146728516
-64.15853881835938 0.0 -194.88858032226562
64.15853881835938 0.0 -194.88858032226562
-22.44929313659668 -83.98197937011719 175.3367919921875
-37.836585998535156 -74.98119354248047 181.33450317382812
-53.04836654663086 -63.94953918457031 185.15966796875
-66.32202911376953 -52.08014678955078 186.04833984375
-76.9993896484375 -38.68299102783203 185.7000732421875
-83.95999145507812 -23.796876907348633 184.42410278320312
-87.85061645507812 -7.993849754333496 182.11325073242188
0.0 -58.21983337402344 -189.68557739257812
-16.98208999633789 -55.98248291015625 -192.30039978027344
-27.577415466308594 -51.593753814697266 -196.21755981445312
-37.43457794189453 -45.22230911254883 -199.30972290039062
-47.763267517089844 -37.112998962402344 -200.34524536132812
-56.583038330078125 -27.57744598388672 -198.89813232421875
-61.69295883178711 -16.982107162475586 -196.43690490722656
-64.1585464477539 -5.734164237976074 -194.88858032226562
22.44929313659668 -83.98197937011719 175.3367919921875
37.836585998535156 -74.98119354248047 181.33450317382812
53.04836654663086 -63.94953918457031 185.15966796875
66.32202911376953 -52.08014678955078 186.04833984375
76.9993896484375 -38.68299102783203 185.7000732421875
83.95999145507812 -23.796876907348633 184.42410278320312
87.85061645507812 -7.993849754333496 182.11325073242188
27.577415466308594 -51.59375762939453 -196.21755981445312
16.98208999633789 -55.98248291015625 -192.30039978027344
37.43457794189453 -45.222312927246094 -199.30972290039062
47.763267517089844 -37.112998962402344 -200.34524536132812
56.583038330078125 -27.57744598388672 -198.89813232421875
61.69295883178711 -16.982107162475586 -196.43690490722656
64.1585464477539 -5.734164237976074 -194.88858032226562
0.0 -89.61021423339844 171.33712768554688
156.90103149414062 -128.76531982421875 132.48150634765625
162.38299560546875 -137.46224975585938 112.40880584716797
180.839599609375 -91.25719451904297 132.48150634765625
142.5663299560547 -173.7175750732422 69.72470092773438
149.99722290039062 -159.8542022705078 91.25485229492188
139.66685485839844 -170.1845703125 91.25485229492188
143.39828491210938 -174.73133850097656 8.224051475524902
142.94644165039062 -174.18075561523438 1.850724220275879e-05
145.88121032714844 -171.24598693847656 1.8473640011507086e-05
174.57855224609375 -125.0411605834961 -46.52129364013672
168.16229248046875 -138.00721740722656 -38.76802444458008
166.71083068847656 -136.8160400390625 -46.52129364013672
207.71527099609375 -20.458112716674805 -69.7925033569336
200.84591674804688 -60.925899505615234 -66.01332092285156
199.935546875 -60.649742126464844 -69.2209701538086
187.42230224609375 -60.68839645385742 -57.123085021972656
187.41604614257812 -100.17593383789062 -57.16114044189453
179.5160369873047 -57.4867057800293 131.3316650390625
189.32594299316406 -57.413734436035156 139.58816528320312
174.60397338867188 -101.07991027832031 -46.52129364013672
156.82778930664062 -139.89743041992188 -23.373048782348633
156.81869506835938 -154.59805297851562 -23.373048782348633
149.87261962890625 -139.9528045654297 90.99819946289062
161.8954620361328 -94.45038604736328 111.76969146728516
156.81869506835938 154.59805297851562 -23.373048782348633
156.8270263671875 141.1487274169922 -23.373048782348633
149.88230895996094 141.5014190673828 91.0181655883789
94.02721405029297 -4.309256553649902 326.7131652832031
85.87947082519531 -7.038705825805664 324.5321044921875
87.96622467041016 -7.038706302642822 324.4412536621094
83.72378540039062 -7.038705825805664 324.58685302734375
79.54304504394531 -4.3092522621154785 324.6561584472656
80.07412719726562 -6.144289493560791 324.6484680175781
81.62739562988281 -6.937806606292725 324.62493896484375
89.89350128173828 -7.038705348968506 324.2394104003906
91.41650390625 -7.038705348968506 323.60186767578125
92.89818572998047 -7.038706302642822 320.4163818359375
93.30340576171875 -7.038705825805664 318.32159423828125
93.72237396240234 -7.038706302642822 316.1970520019531
94.12390899658203 -6.937807559967041 314.1391296386719
94.41678619384766 -6.144289493560791 312.6135559082031
92.36473846435547 -7.038705348968506 322.2793273925781
94.51659393310547 -4.3092522621154785 312.09185791015625
85.87947082519531 -1.5798001289367676 324.5321044921875
83.72378540039062 -1.5797994136810303 324.58685302734375
87.96622467041016 -1.5798001289367676 324.4412536621094
80.07412719726562 -2.474215030670166 324.6484680175781
81.62739562988281 -1.680698037147522 324.62493896484375
89.89350128173828 -1.5798006057739258 324.2394104003906
91.40718841552734 -1.5798007249832153 323.59075927734375
93.2940902709961 -1.5797994136810303 318.31048583984375
92.84228515625 -1.5797998905181885 320.3497619628906
93.72237396240234 -1.5797991752624512 316.1970520019531
94.41678619384766 -2.474215030670166 312.6135559082031
94.12390899658203 -1.6806977987289429 314.1391296386719
92.308837890625 -1.5798006057739258 322.21270751953125
-11.005279541015625 -4.309229850769043 201.54031372070312
-8.538185119628906 -8.015756607055664 216.0502166748047
-9.437767028808594 -8.015756607055664 218.98971557617188
-7.54585075378418 -8.015758514404297 213.28384399414062
-6.460926055908203 -8.01575756072998 210.73513793945312
-4.95539665222168 -8.01575756072998 208.75030517578125
-10.175575256347656 -7.878738880157471 221.9873809814453
-10.665229797363281 -6.801163196563721 224.26914978027344
5.9068145751953125 -8.015756607055664 206.1140899658203
2.8557586669921875 -8.015756607055664 206.48956298828125
-0.04090118408203125 -8.015758514404297 206.9864501953125
12.120033264160156 -4.309230327606201 205.79725646972656
11.319186210632324 -6.801163196563721 205.82203674316406
-2.7392749786376953 -8.01575756072998 207.6123046875
8.987053871154785 -7.878738880157471 205.90802001953125
-10.828697204589844 -4.309230327606201 225.05352783203125
-8.538185119628906 -0.6027014851570129 216.0502166748047
-7.54585075378418 -0.6027008295059204 213.28384399414062
-9.437767028808594 -0.602702260017395 218.98971557617188
-10.665229797363281 -1.8172972202301025 224.26914978027344
-6.460926055908203 -0.6027005910873413 210.73513793945312
-4.95539665222168 -0.6027004718780518 208.75030517578125
-10.175567626953125 -0.7397210001945496 221.9873809814453
2.8557586669921875 -0.6027014851570129 206.48956298828125
5.9068145751953125 -0.602702260017395 206.1140899658203
-0.04090118408203125 -0.6027008295059204 206.9864501953125
11.31918716430664 -1.8172972202301025 205.82203674316406
-2.7392749786376953 -0.6027005910873413 207.6123046875
8.987058639526367 -0.7397210001945496 205.9080352783203
-42.73453903198242 144.14866638183594 175.28012084960938
-38.36461639404297 134.9197235107422 178.1953125
0.0 142.50836181640625 173.7237548828125
0.0 151.07644653320312 172.23049926757812
0.0 170.66204833984375 164.9747772216797
-49.67388916015625 163.98480224609375 165.8946533203125
-70.8084945678711 132.395751953125 179.69004821777344
-64.104736328125 122.53296661376953 184.79623413085938
-53.862770080566406 105.65283203125 186.3055419921875
-32.04044723510742 117.75030517578125 178.6575927734375
-80.85810089111328 151.1292724609375 167.20880126953125
-96.52189636230469 115.71476745605469 182.4748077392578
-88.3697738647461 106.07677459716797 188.98831176757812
-75.14080810546875 90.50712585449219 191.1787109375
-109.4017333984375 132.46591186523438 168.0358123779297
-117.48393249511719 94.89100646972656 183.0081787109375
-108.60493469238281 86.76042175292969 189.88954162597656
-93.4732666015625 73.80864715576172 192.2926788330078
-133.58148193359375 108.71195983886719 168.18252563476562
-133.94009399414062 70.50981903076172 182.67538452148438
-124.68983459472656 64.46662902832031 189.4571533203125
-108.17184448242188 54.838043212890625 191.83633422851562
-152.21844482421875 80.78025817871094 168.0755157470703
-145.201416015625 43.418907165527344 182.23886108398438
-135.47372436523438 39.695098876953125 188.3739013671875
-117.82841491699219 33.7590446472168 190.28953552246094
-165.05580139160156 49.74421310424805 167.99659729003906
-151.00653076171875 14.659344673156738 181.74205017089844
-141.22793579101562 13.397780418395996 186.60011291503906
-123.15760040283203 11.381689071655273 187.53524780273438
-171.6002197265625 16.796531677246094 167.97119140625
0.0 188.382568359375 150.91256713867188
-54.94916534423828 181.14312744140625 151.00454711914062
0.0 201.9966278076172 132.48150634765625
-58.92024230957031 194.2340087890625 132.48150634765625
-89.23260498046875 166.94247436523438 151.13597106933594
-95.6812744140625 179.007080078125 132.48150634765625
-120.1634521484375 146.3262939453125 151.2186737060547
-128.76535034179688 156.9010009765625 132.48150634765625
-146.47943115234375 120.08688354492188 151.23336791992188
-156.90103149414062 128.76531982421875 132.48150634765625
-167.09561157226562 89.23258972167969 151.22265625
-179.00709533691406 95.68125915527344 132.48150634765625
-181.2962646484375 54.949127197265625 151.21475219726562
-194.23402404785156 58.920204162597656 132.48150634765625
-188.53570556640625 18.554006576538086 151.21221923828125
-201.99664306640625 19.89487075805664 132.48150634765625
0.0 212.0226287841797 112.40879821777344
-61.8447151184082 203.87469482421875 112.40879821777344
0.0 219.09805297851562 91.25485229492188
-63.90854263305664 210.67822265625 91.25485229492188
-100.43035888671875 187.8920135498047 112.40879821777344
-103.7818374633789 194.1621856689453 91.25485229492188
-135.15652465820312 164.688720703125 112.40880584716797
-139.66685485839844 170.1845703125 91.25485229492188
-164.688720703125 135.15652465820312 112.40880584716797
-170.1845703125 139.66685485839844 91.25485229492188
-187.89202880859375 100.43034362792969 112.40880584716797
-194.1621856689453 103.78181457519531 91.25485229492188
-203.87472534179688 61.84467697143555 112.40880584716797
-210.67825317382812 63.90850067138672 91.25485229492188
-212.0226287841797 20.882343292236328 112.40880584716797
-219.09805297851562 21.579212188720703 91.25485229492188
-212.02261352539062 0.0 112.40880584716797
-201.9966278076172 0.0 132.48150634765625
0.0 223.7529296875 69.22100830078125
-65.26631164550781 215.1542205810547 69.22100830078125
0.0 226.11770629882812 46.521331787109375
-65.95609283447266 217.42811584472656 46.521331787109375
-105.98674011230469 198.28726196289062 69.22100830078125
-107.10688781738281 200.38290405273438 46.521331787109375
-142.6341552734375 173.80023193359375 69.22100830078125
-144.14163208007812 175.6370849609375 46.521331787109375
-173.80023193359375 142.63417053222656 69.22100830078125
-175.6370849609375 144.14163208007812 46.521331787109375
-198.2872772216797 105.98672485351562 69.22100830078125
-200.38291931152344 107.10686492919922 46.521331787109375
-215.15423583984375 65.26627349853516 69.22100830078125
-217.42813110351562 65.9560546875 46.521331787109375
-223.7529296875 22.037673950195312 69.22100830078125
-226.1177215576172 22.270587921142578 46.521331787109375
-223.75291442871094 0.0 69.22100830078125
-219.09803771972656 0.0 91.25485229492188
0.0 226.25732421875 23.37308692932129
-65.99681854248047 217.56236267089844 23.373085021972656
0.0 224.24282836914062 1.8417835235595703e-05
-65.40921020507812 215.62527465820312 1.8298625946044922e-05
-107.17301940917969 200.50662231445312 23.373085021972656
-106.21879577636719 198.72140502929688 1.8537044525146484e-05
-144.23062133789062 175.7455291748047 23.373085021972656
-142.94644165039062 174.18075561523438 1.850724220275879e-05
-175.7455291748047 144.23062133789062 23.373085021972656
-174.18075561523438 142.94644165039062 1.8149614334106445e-05
-200.50665283203125 107.17300415039062 23.373085021972656
-198.72142028808594 106.21878051757812 1.7881393432617188e-05
-217.56239318847656 65.99678039550781 23.373085021972656
-215.62530517578125 65.4091796875 1.811981201171875e-05
-226.25732421875 22.284337997436523 23.373085021972656
-224.24282836914062 22.08592987060547 1.7940998077392578e-05
-226.25730895996094 0.0 23.373085021972656
-226.11770629882812 0.0 46.521331787109375
0.0 220.20489501953125 -23.373050689697266
-64.23139190673828 211.74253845214844 -23.373050689697266
0.0 214.6259002685547 -46.52129364013672
-62.60406494140625 206.37796020507812 -46.52129364013672
-104.30612182617188 195.14305114746094 -23.373046875
-101.66348266601562 190.1990203857422 -46.52129364013672
-140.3724365234375 171.0443115234375 -23.373046875
-136.8160400390625 166.71084594726562 -46.52128982543945
-171.0443115234375 140.3724365234375 -23.373050689697266
-166.71083068847656 136.8160400390625 -46.52129364013672
-195.14306640625 104.30610656738281 -23.373050689697266
-190.19903564453125 101.66346740722656 -46.52129364013672
-211.7425537109375 64.23136138916016 -23.373050689697266
-206.37796020507812 62.604026794433594 -46.52129364013672
-220.20489501953125 21.688230514526367 -23.373050689697266
-214.62591552734375 21.138750076293945 -46.52129364013672
-220.20489501953125 0.0 -23.373048782348633
-224.24282836914062 0.0 1.8298625946044922e-05
0.0 207.926025390625 -69.2209701538086
-60.649784088134766 199.935546875 -69.2209701538086
0.0 199.80078125 -91.25482177734375
-58.27973175048828 192.12254333496094 -91.25482177734375
-98.48989868164062 184.26165771484375 -69.2209701538086
-94.64115905761719 177.06114196777344 -91.25482177734375
-132.54510498046875 161.50668334960938 -69.2209701538086
-127.36556243896484 155.1953887939453 -91.25482177734375
-161.50668334960938 132.54510498046875 -69.2209701538086
-155.1953887939453 127.36557006835938 -91.25482177734375
-184.26165771484375 98.48988342285156 -69.2209701538086
-177.06114196777344 94.64114379882812 -91.25482177734375
-199.935546875 60.649742126464844 -69.2209701538086
-192.12254333496094 58.279701232910156 -91.25482177734375
-207.926025390625 20.478870391845703 -69.2209701538086
-199.80078125 19.678606033325195 -91.25482177734375
-207.926025390625 0.0 -69.2209701538086
-214.62591552734375 0.0 -46.52129364013672
-55.402000427246094 182.63592529296875 -112.4087905883789
0.0 189.93502807617188 -112.4087905883789
0.0 178.67404174804688 -132.48150634765625
-52.11729049682617 171.80770874023438 -132.48150634765625
-89.96795654296875 168.3182373046875 -112.4087905883789
-84.63388061523438 158.33889770507812 -132.48150634765625
-121.0765151977539 147.53216552734375 -112.4087905883789
-113.89805603027344 138.7852020263672 -132.48150634765625
-147.53216552734375 121.07652282714844 -112.4087905883789
-138.78518676757812 113.89805603027344 -132.48150634765625
-168.31822204589844 89.96794891357422 -112.4087905883789
-158.33888244628906 84.63388061523438 -132.48150634765625
-182.63592529296875 55.40196228027344 -112.4087905883789
-171.80770874023438 52.11726379394531 -132.48150634765625
-189.9350128173828 18.706918716430664 -112.4087905883789
-178.67404174804688 17.59781265258789 -132.48150634765625
-189.93499755859375 0.0 -112.4087905883789
-199.80078125 0.0 -91.25482177734375
-48.52131652832031 159.953369140625 -151.29669189453125
0.0 166.345947265625 -151.21218872070312
0.0 152.51515197753906 -167.9708251953125
-44.48702621459961 146.65408325195312 -168.81585693359375
-78.79434204101562 147.41387939453125 -151.41259765625
-72.24301147460938 135.1571807861328 -169.97500610351562
-106.0515365600586 129.2093505859375 -151.4784698486328
-97.34461975097656 118.46626281738281 -170.63375854492188
-129.3081817626953 106.03936004638672 -151.45108032226562
-119.45481872558594 97.22274780273438 -170.35989379882812
-147.6083526611328 78.79434204101562 -151.3585205078125
-137.10203552246094 72.24301147460938 -169.4342498779297
-160.1756591796875 48.52129364013672 -151.25888061523438
-148.87686157226562 44.487003326416016 -168.43780517578125
-166.57708740234375 16.38360595703125 -151.19854736328125
-154.82675170898438 15.021394729614258 -167.83453369140625
-166.57708740234375 0.0 -151.19854736328125
-178.67404174804688 0.0 -132.48150634765625
-39.60554885864258 130.56201171875 -184.8374481201172
0.0 135.77993774414062 -182.09730529785156
-36.275840759277344 119.58543395996094 -191.88638305664062
0.0 124.36469268798828 -188.0240936279297
0.0 107.94131469726562 -191.86538696289062
-31.48531723022461 103.79320526123047 -196.2825164794922
-64.31592559814453 120.32664489746094 -188.67544555664062
-51.1293830871582 95.6563720703125 -202.85696411132812
-58.908775329589844 110.21057891845703 -197.50149536132812
-86.93655395507812 105.46719360351562 -191.0644073486328
-69.35905456542969 83.84352111816406 -207.94419860839844
-79.78163146972656 96.60038757324219 -201.52394104003906
-108.54841613769531 86.5546875 -190.6282501220703
-88.20286560058594 68.80860137939453 -209.4500732421875
-100.62141418457031 79.27789306640625 -202.07984924316406
-126.38622283935547 64.31591796875 -187.96685791015625
-104.21763610839844 51.12939453125 -206.8223419189453
-118.11209106445312 58.908775329589844 -199.20960998535156
-137.4894256591797 39.60552978515625 -184.88504028320312
-113.5906982421875 31.485305786132812 -202.584228515625
-128.6239471435547 36.27582550048828 -195.25250244140625
-142.98422241210938 13.373125076293945 -183.00527954101562
-118.13038635253906 10.631272315979004 -199.92755126953125
-133.76443481445312 12.248825073242188 -192.8009033203125
-142.98422241210938 0.0 -183.00527954101562
-154.82675170898438 0.0 -167.83453369140625
-133.76443481445312 0.0 -192.8009033203125
0.0 125.27569580078125 173.5400390625
0.0 83.83653259277344 -192.3116455078125
-24.454208374023438 80.61475372314453 -196.0769805908203
-39.71147918701172 74.29498291015625 -201.71771240234375
-53.905792236328125 65.12010192871094 -206.17039489746094
-68.77910614013672 53.44269561767578 -207.6615447998047
-81.47957611083984 39.71150207519531 -205.57772827148438
-88.83786010742188 24.454208374023438 -202.03355407714844
-92.3883056640625 8.257173538208008 -199.803955078125
-92.38829040527344 0.0 -199.803955078125
-118.13037872314453 0.0 -199.92755126953125
38.36461639404297 134.9197235107422 178.1953125
42.73453903198242 144.14866638183594 175.28012084960938
49.67388916015625 163.98480224609375 165.8946533203125
70.8084945678711 132.395751953125 179.69004821777344
64.104736328125 122.53296661376953 184.79623413085938
32.04044723510742 117.75030517578125 178.6575927734375
53.862770080566406 105.65283203125 186.3055419921875
80.85810089111328 151.1292724609375 167.20880126953125
96.52189636230469 115.71476745605469 182.4748077392578
88.3697738647461 106.07677459716797 188.98831176757812
75.14080810546875 90.50712585449219 191.1787109375
109.4017333984375 132.46591186523438 168.0358123779297
117.48393249511719 94.89100646972656 183.0081787109375
108.60493469238281 86.76042175292969 189.88954162597656
93.4732666015625 73.80864715576172 192.2926788330078
133.58148193359375 108.71195983886719 168.18252563476562
133.94009399414062 70.50981903076172 182.67538452148438
124.68983459472656 64.46662902832031 189.4571533203125
108.17184448242188 54.838043212890625 191.83633422851562
152.21844482421875 80.78025817871094 168.0755157470703
145.201416015625 43.418907165527344 182.23886108398438
135.47372436523438 39.695098876953125 188.3739013671875
117.82841491699219 33.75904846191406 190.28953552246094
165.05580139160156 49.74421691894531 167.99659729003906
151.00653076171875 14.659344673156738 181.74205017089844
141.22793579101562 13.397780418395996 186.60011291503906
123.15760040283203 11.381689071655273 187.53524780273438
171.6002197265625 16.796531677246094 167.97119140625
123.15760803222656 0.0 187.53524780273438
141.22793579101562 0.0 186.60009765625
54.94916534423828 181.14312744140625 151.00454711914062
58.92024230957031 194.2340087890625 132.48150634765625
89.23260498046875 166.94247436523438 151.13597106933594
95.6812744140625 179.007080078125 132.48150634765625
120.1634521484375 146.3262939453125 151.2186737060547
128.76535034179688 156.9010009765625 132.48150634765625
146.47943115234375 120.08688354492188 151.23336791992188
167.09561157226562 89.23258972167969 151.22265625
181.2962646484375 54.949127197265625 151.21475219726562
188.53570556640625 18.554006576538086 151.21221923828125
171.6002197265625 0.0 167.97119140625
188.53570556640625 0.0 151.21221923828125
61.8447151184082 203.87469482421875 112.40879821777344
63.90854263305664 210.67822265625 91.25485229492188
100.43035888671875 187.8920135498047 112.40879821777344
103.7818374633789 194.1621856689453 91.25485229492188
135.15652465820312 164.688720703125 112.40880584716797
65.26631164550781 215.1542205810547 69.22100830078125
65.95609283447266 217.42811584472656 46.521331787109375
105.98674011230469 198.28726196289062 69.22100830078125
107.10688781738281 200.38290405273438 46.521331787109375
65.99681854248047 217.56236267089844 23.373085021972656
65.40921020507812 215.62527465820312 1.8298625946044922e-05
107.17301940917969 200.50662231445312 23.373085021972656
106.21879577636719 198.72140502929688 1.8537044525146484e-05
64.23139190673828 211.74253845214844 -23.373050689697266
62.60406494140625 206.37796020507812 -46.52129364013672
104.30612182617188 195.14305114746094 -23.373046875
101.66348266601562 190.1990203857422 -46.52129364013672
140.3724365234375 171.0443115234375 -23.373046875
136.8160400390625 166.71084594726562 -46.52128982543945
60.649784088134766 199.935546875 -69.2209701538086
58.27973175048828 192.12254333496094 -91.25482177734375
98.48989868164062 184.26165771484375 -69.2209701538086
94.64115905761719 177.06114196777344 -91.25482177734375
132.54510498046875 161.50668334960938 -69.2209701538086
127.36556243896484 155.1953887939453 -91.25482177734375
161.50668334960938 132.54510498046875 -69.2209701538086
155.1953887939453 127.36557006835938 -91.25482177734375
177.06114196777344 94.64114379882812 -91.25482177734375
184.26165771484375 98.48988342285156 -69.2209701538086
192.12254333496094 58.279701232910156 -91.25482177734375
55.402000427246094 182.63592529296875 -112.4087905883789
52.11729049682617 171.80770874023438 -132.48150634765625
89.96795654296875 168.3182373046875 -112.4087905883789
84.63388061523438 158.33889770507812 -132.48150634765625
121.0765151977539 147.53216552734375 -112.4087905883789
113.89805603027344 138.7852020263672 -132.48150634765625
147.53216552734375 121.07652282714844 -112.4087905883789
138.78518676757812 113.89805603027344 -132.48150634765625
168.31822204589844 89.96794891357422 -112.4087905883789
158.33888244628906 84.63388061523438 -132.48150634765625
182.63592529296875 55.40196228027344 -112.4087905883789
171.80770874023438 52.11726379394531 -132.48150634765625
199.80078125 19.678606033325195 -91.25482177734375
189.9350128173828 18.706918716430664 -112.4087905883789
178.67404174804688 17.59781265258789 -132.48150634765625
199.80078125 0.0 -91.25482177734375
189.93499755859375 0.0 -112.4087905883789
48.52131652832031 159.953369140625 -151.29669189453125
44.48702621459961 146.65408325195312 -168.81585693359375
78.79434204101562 147.41387939453125 -151.41259765625
72.24301147460938 135.1571807861328 -169.97500610351562
106.0515365600586 129.2093505859375 -151.4784698486328
97.34461975097656 118.46626281738281 -170.63375854492188
129.3081817626953 106.03936004638672 -151.45108032226562
119.45481872558594 97.22274780273438 -170.35989379882812
147.6083526611328 78.79434204101562 -151.3585205078125
137.10203552246094 72.24301147460938 -169.4342498779297
160.1756591796875 48.52129364013672 -151.25888061523438
148.87686157226562 44.48700714111328 -168.43780517578125
166.57708740234375 16.38360595703125 -151.19854736328125
154.82675170898438 15.021394729614258 -167.83453369140625
178.67404174804688 0.0 -132.48150634765625
166.57708740234375 0.0 -151.19854736328125
39.60554885864258 130.56201171875 -184.8374481201172
36.275840759277344 119.58543395996094 -191.88638305664062
31.48531723022461 103.79320526123047 -196.2825164794922
64.31592559814453 120.32664489746094 -188.67544555664062
51.1293830871582 95.6563720703125 -202.85696411132812
58.908775329589844 110.21057891845703 -197.50149536132812
86.93655395507812 105.46719360351562 -191.0644073486328
69.35905456542969 83.84352111816406 -207.94419860839844
79.78163146972656 96.60038757324219 -201.52394104003906
108.54841613769531 86.5546875 -190.6282501220703
88.20286560058594 68.80860137939453 -209.4500732421875
100.62141418457031 79.27789306640625 -202.07984924316406
126.38622283935547 64.31591796875 -187.96685791015625
104.21763610839844 51.12939453125 -206.8223419189453
118.11209106445312 58.908775329589844 -199.20960998535156
137.4894256591797 39.60552978515625 -184.88504028320312
113.5906982421875 31.485305786132812 -202.584228515625
128.6239471435547 36.27582550048828 -195.25250244140625
142.98422241210938 13.373125076293945 -183.00527954101562
118.13038635253906 10.631272315979004 -199.92755126953125
133.76443481445312 12.248825073242188 -192.8009033203125
154.82675170898438 0.0 -167.83453369140625
142.98422241210938 0.0 -183.00527954101562
133.76443481445312 0.0 -192.8009033203125
118.13037872314453 0.0 -199.92755126953125
24.454208374023438 80.61475372314453 -196.0769805908203
39.71147918701172 74.29498291015625 -201.71771240234375
53.905792236328125 65.12010192871094 -206.17039489746094
68.77910614013672 53.44269561767578 -207.6615447998047
81.47957611083984 39.71150207519531 -205.57772827148438
88.83786010742188 24.454208374023438 -202.03355407714844
92.3883056640625 8.257173538208008 -199.803955078125
92.38829040527344 0.0 -199.803955078125
194.28163146972656 0.0 143.21682739257812
194.24508666992188 19.122726440429688 143.26768493652344
139.1661834716797 178.96157836914062 46.521331787109375
140.22671508789062 178.4208526611328 23.373085021972656
142.414306640625 173.94712829589844 69.22100830078125
179.537353515625 0.0 131.28346252441406
179.53065490722656 18.061134338378906 131.29859924316406
142.50265502929688 0.0 69.22100830078125
139.25112915039062 0.0 46.521331787109375
139.243896484375 15.23895263671875 46.521331787109375
142.49481201171875 15.440971374511719 69.22100830078125
148.996337890625 0.0 89.19334411621094
149.09585571289062 15.893157958984375 89.39830017089844
160.8248748779297 0.0 110.36624145507812
161.01455688476562 16.734371185302734 110.61489868164062
187.4289093017578 18.947105407714844 -57.082855224609375
174.64712524414062 60.42656707763672 -46.52129364013672
174.692138671875 17.994247436523438 -46.52129364013672
156.8773193359375 59.922000885009766 -23.373048782348633
156.90411376953125 16.649826049804688 -23.373048782348633
145.93881225585938 59.45893478393555 1.845436963776592e-05
145.9613037109375 15.807968139648438 1.8446846297592856e-05
140.28355407714844 59.030860900878906 23.373085021972656
140.30435180664062 15.354438781738281 23.373085021972656
139.22329711914062 58.63700866699219 46.521331787109375
142.47305297851562 58.27920150756836 69.22100830078125
149.35935974121094 57.97856903076172 89.9410400390625
161.47894287109375 57.703216552734375 111.22366333007812
156.851318359375 101.90425872802734 -23.373048782348633
145.9169158935547 101.94764709472656 1.8461694708094e-05
140.2633819580078 101.39501953125 23.373085021972656
139.20350646972656 100.33540344238281 46.521331787109375
142.4524688720703 98.81231689453125 69.22100830078125
149.60321044921875 96.92414855957031 90.44329071044922
145.8952178955078 144.05075073242188 1.846895247581415e-05
140.24244689941406 145.38232421875 23.373085021972656
139.18212890625 145.35104370117188 46.521331787109375
142.42950439453125 144.04501342773438 69.22100830078125
-151.00653076171875 0.0 181.7420654296875
-141.22793579101562 0.0 186.60009765625
-123.15760803222656 0.0 187.53524780273438
-171.6002197265625 0.0 167.97119140625
-188.5356903076172 0.0 151.21221923828125
151.00653076171875 0.0 181.7420654296875
207.73846435546875 0.0 -69.7296142578125
140.31166076660156 0.0 23.373085021972656
145.96945190429688 0.0 1.8444121451466344e-05
156.91441345214844 0.0 -23.373048782348633
174.7112274169922 0.0 -46.52129364013672
187.43191528320312 0.0 -57.06459426879883
-42.73453903198242 -144.14866638183594 175.28012084960938
0.0 -151.07644653320312 172.23049926757812
0.0 -142.50836181640625 173.7237548828125
-38.36461639404297 -134.9197235107422 178.1953125
-49.67388916015625 -163.98480224609375 165.8946533203125
0.0 -170.66204833984375 164.9747772216797
-70.8084945678711 -132.395751953125 179.69004821777344
-64.104736328125 -122.53296661376953 184.79623413085938
-32.04044723510742 -117.75030517578125 178.6575927734375
-53.862770080566406 -105.65283203125 186.3055419921875
-80.85810089111328 -151.1292724609375 167.20880126953125
-96.52189636230469 -115.71476745605469 182.4748077392578
-88.3697738647461 -106.07677459716797 188.98831176757812
-75.14080810546875 -90.50712585449219 191.1787109375
-109.4017333984375 -132.46591186523438 168.0358123779297
-117.48393249511719 -94.89100646972656 183.0081787109375
-108.60493469238281 -86.76042175292969 189.88954162597656
-93.4732666015625 -73.80864715576172 192.2926788330078
-133.58148193359375 -108.71195983886719 168.18252563476562
-133.94009399414062 -70.50981903076172 182.67538452148438
-124.68983459472656 -64.46662902832031 189.4571533203125
-108.17184448242188 -54.838043212890625 191.83633422851562
-152.21844482421875 -80.78025817871094 168.0755157470703
-145.201416015625 -43.418907165527344 182.23886108398438
-135.47372436523438 -39.695098876953125 188.3739013671875
-117.82841491699219 -33.7590446472168 190.28953552246094
-165.05580139160156 -49.74421310424805 167.99659729003906
-151.00653076171875 -14.659344673156738 181.74205017089844
-141.22793579101562 -13.397780418395996 186.60011291503906
-123.15760040283203 -11.381689071655273 187.53524780273438
-171.6002197265625 -16.796531677246094 167.97119140625
-54.94916534423828 -181.14312744140625 151.00454711914062
0.0 -188.382568359375 150.91256713867188
-58.92024230957031 -194.2340087890625 132.48150634765625
0.0 -201.9966278076172 132.48150634765625
-89.23260498046875 -166.94247436523438 151.13597106933594
-95.6812744140625 -179.007080078125 132.48150634765625
-120.1634521484375 -146.3262939453125 151.2186737060547
-128.76535034179688 -156.9010009765625 132.48150634765625
-146.47943115234375 -120.08688354492188 151.23336791992188
-156.90103149414062 -128.76531982421875 132.48150634765625
-167.09561157226562 -89.23258972167969 151.22265625
-179.00709533691406 -95.68125915527344 132.48150634765625
-181.2962646484375 -54.949127197265625 151.21475219726562
-194.23402404785156 -58.920204162597656 132.48150634765625
-188.53570556640625 -18.554006576538086 151.21221923828125
-201.99664306640625 -19.89487075805664 132.48150634765625
-61.8447151184082 -203.87469482421875 112.40879821777344
0.0 -212.0226287841797 112.40879821777344
-63.90854263305664 -210.67822265625 91.25485229492188
0.0 -219.09805297851562 91.25485229492188
-100.43035888671875 -187.8920135498047 112.40879821777344
-103.7818374633789 -194.1621856689453 91.25485229492188
-135.15652465820312 -164.688720703125 112.40880584716797
-139.66685485839844 -170.1845703125 91.25485229492188
-164.688720703125 -135.15652465820312 112.40880584716797
-170.1845703125 -139.66685485839844 91.25485229492188
-187.89202880859375 -100.43034362792969 112.40880584716797
-194.1621856689453 -103.78181457519531 91.25485229492188
-203.87472534179688 -61.84467697143555 112.40880584716797
-210.67825317382812 -63.90850067138672 91.25485229492188
-212.0226287841797 -20.882343292236328 112.40880584716797
-219.09805297851562 -21.579212188720703 91.25485229492188
-65.26631164550781 -215.1542205810547 69.22100830078125
0.0 -223.7529296875 69.22100830078125
-65.95609283447266 -217.42811584472656 46.521331787109375
0.0 -226.11770629882812 46.521331787109375
-105.98674011230469 -198.28726196289062 69.22100830078125
-107.10688781738281 -200.38290405273438 46.521331787109375
-142.6341552734375 -173.80023193359375 69.22100830078125
-144.14163208007812 -175.6370849609375 46.521331787109375
-173.80023193359375 -142.63417053222656 69.22100830078125
-175.6370849609375 -144.14163208007812 46.521331787109375
-198.2872772216797 -105.98672485351562 69.22100830078125
-200.38291931152344 -107.10686492919922 46.521331787109375
-215.15423583984375 -65.26627349853516 69.22100830078125
-217.42813110351562 -65.9560546875 46.521331787109375
-223.7529296875 -22.037673950195312 69.22100830078125
-226.1177215576172 -22.270587921142578 46.521331787109375
-65.99681854248047 -217.56236267089844 23.373085021972656
0.0 -226.25732421875 23.37308692932129
-65.40921020507812 -215.62527465820312 1.8298625946044922e-05
0.0 -224.24282836914062 1.8417835235595703e-05
-107.17301940917969 -200.50662231445312 23.373085021972656
-106.21879577636719 -198.72140502929688 1.8537044525146484e-05
-144.23062133789062 -175.7455291748047 23.373085021972656
-142.94644165039062 -174.18075561523438 1.850724220275879e-05
-175.7455291748047 -144.23062133789062 23.373085021972656
-174.18075561523438 -142.94644165039062 1.8149614334106445e-05
-200.50665283203125 -107.17300415039062 23.373085021972656
-198.72142028808594 -106.21878051757812 1.7881393432617188e-05
-217.56239318847656 -65.99678039550781 23.373085021972656
-215.62530517578125 -65.4091796875 1.811981201171875e-05
-226.25732421875 -22.284337997436523 23.373085021972656
-224.24282836914062 -22.08592987060547 1.7940998077392578e-05
-64.23139190673828 -211.74253845214844 -23.373050689697266
0.0 -220.20489501953125 -23.373050689697266
-62.60406494140625 -206.37796020507812 -46.52129364013672
0.0 -214.6259002685547 -46.52129364013672
-104.30612182617188 -195.14305114746094 -23.373046875
-101.66348266601562 -190.1990203857422 -46.52129364013672
-140.3724365234375 -171.0443115234375 -23.373046875
-136.8160400390625 -166.71084594726562 -46.52128982543945
-171.0443115234375 -140.3724365234375 -23.373050689697266
-166.71083068847656 -136.8160400390625 -46.52129364013672
-195.14306640625 -104.30610656738281 -23.373050689697266
-190.19903564453125 -101.66346740722656 -46.52129364013672
-211.7425537109375 -64.23136138916016 -23.373050689697266
-206.37796020507812 -62.604026794433594 -46.52129364013672
-220.20489501953125 -21.688230514526367 -23.373050689697266
-214.62591552734375 -21.138750076293945 -46.52129364013672
-60.649784088134766 -199.935546875 -69.2209701538086
0.0 -207.926025390625 -69.2209701538086
-58.27973175048828 -192.12254333496094 -91.25482177734375
0.0 -199.80078125 -91.25482177734375
-98.48989868164062 -184.26165771484375 -69.2209701538086
-94.64115905761719 -177.06114196777344 -91.25482177734375
-132.54510498046875 -161.50668334960938 -69.2209701538086
-127.36556243896484 -155.1953887939453 -91.25482177734375
-161.50668334960938 -132.54510498046875 -69.2209701538086
-155.1953887939453 -127.36557006835938 -91.25482177734375
-184.26165771484375 -98.48988342285156 -69.2209701538086
-177.06114196777344 -94.64114379882812 -91.25482177734375
-199.935546875 -60.649742126464844 -69.2209701538086
-192.12254333496094 -58.279701232910156 -91.25482177734375
-207.926025390625 -20.478870391845703 -69.2209701538086
-199.80078125 -19.678606033325195 -91.25482177734375
-55.402000427246094 -182.63592529296875 -112.4087905883789
0.0 -189.93502807617188 -112.4087905883789
-52.11729049682617 -171.80770874023438 -132.48150634765625
0.0 -178.67404174804688 -132.48150634765625
-89.96795654296875 -168.3182373046875 -112.4087905883789
-84.63388061523438 -158.33889770507812 -132.48150634765625
-121.0765151977539 -147.53216552734375 -112.4087905883789
-113.89805603027344 -138.7852020263672 -132.48150634765625
-147.53216552734375 -121.07652282714844 -112.4087905883789
-138.78518676757812 -113.89805603027344 -132.48150634765625
-168.31822204589844 -89.96794891357422 -112.4087905883789
-158.33888244628906 -84.63388061523438 -132.48150634765625
-182.63592529296875 -55.40196228027344 -112.4087905883789
-171.80770874023438 -52.11726379394531 -132.48150634765625
-189.9350128173828 -18.706918716430664 -112.4087905883789
-178.67404174804688 -17.59781265258789 -132.48150634765625
-48.52131652832031 -159.953369140625 -151.29669189453125
0.0 -166.345947265625 -151.21218872070312
-44.48702621459961 -146.65408325195312 -168.81585693359375
0.0 -152.51515197753906 -167.9708251953125
-78.79434204101562 -147.41387939453125 -151.41259765625
-72.24301147460938 -135.1571807861328 -169.97500610351562
-106.0515365600586 -129.2093505859375 -151.4784698486328
-97.34461975097656 -118.46626281738281 -170.63375854492188
-129.3081817626953 -106.03936004638672 -151.45108032226562
-119.45481872558594 -97.22274780273438 -170.35989379882812
-147.6083526611328 -78.79434204101562 -151.3585205078125
-137.10203552246094 -72.24301147460938 -169.4342498779297
-160.1756591796875 -48.52129364013672 -151.25888061523438
-148.87686157226562 -44.487003326416016 -168.43780517578125
-166.57708740234375 -16.38360595703125 -151.19854736328125
-154.82675170898438 -15.021394729614258 -167.83453369140625
-39.60554885864258 -130.56201171875 -184.8374481201172
0.0 -135.77993774414062 -182.09730529785156
-36.275840759277344 -119.58543395996094 -191.88638305664062
-31.48531723022461 -103.79320526123047 -196.2825164794922
0.0 -107.94131469726562 -191.86538696289062
0.0 -124.36469268798828 -188.0240936279297
-64.31592559814453 -120.32664489746094 -188.67544555664062
-51.1293830871582 -95.6563720703125 -202.85696411132812
-58.908775329589844 -110.21057891845703 -197.50149536132812
-86.93655395507812 -105.46719360351562 -191.0644073486328
-69.35905456542969 -83.84352111816406 -207.94419860839844
-79.78163146972656 -96.60038757324219 -201.52394104003906
-108.54841613769531 -86.5546875 -190.6282501220703
-88.20286560058594 -68.80860137939453 -209.4500732421875
-100.62141418457031 -79.27789306640625 -202.07984924316406
-126.38622283935547 -64.31591796875 -187.96685791015625
-104.21763610839844 -51.12939453125 -206.8223419189453
-118.11209106445312 -58.908775329589844 -199.20960998535156
-137.4894256591797 -39.60552978515625 -184.88504028320312
-113.5906982421875 -31.485305786132812 -202.584228515625
-128.6239471435547 -36.27582550048828 -195.25250244140625
-142.98422241210938 -13.373125076293945 -183.00527954101562
-118.13038635253906 -10.631272315979004 -199.92755126953125
-133.76443481445312 -12.248825073242188 -192.8009033203125
0.0 -125.27569580078125 173.5400390625
0.0 -83.83653259277344 -192.3116455078125
-24.454208374023438 -80.61475372314453 -196.0769805908203
-39.71147918701172 -74.29498291015625 -201.71771240234375
-53.905792236328125 -65.12010192871094 -206.17039489746094
-68.77910614013672 -53.44269561767578 -207.6615447998047
-81.47957611083984 -39.71150207519531 -205.57772827148438
-88.83786010742188 -24.454208374023438 -202.03355407714844
-92.3883056640625 -8.257173538208008 -199.803955078125
42.73453903198242 -144.14866638183594 175.28012084960938
38.36461639404297 -134.9197235107422 178.1953125
49.67388916015625 -163.98480224609375 165.8946533203125
70.8084945678711 -132.395751953125 179.69004821777344
64.104736328125 -122.53296661376953 184.79623413085938
53.862770080566406 -105.65283203125 186.3055419921875
32.04044723510742 -117.75030517578125 178.6575927734375
80.85810089111328 -151.1292724609375 167.20880126953125
96.52189636230469 -115.71476745605469 182.4748077392578
88.3697738647461 -106.07677459716797 188.98831176757812
75.14080810546875 -90.50712585449219 191.1787109375
109.4017333984375 -132.46591186523438 168.0358123779297
117.48393249511719 -94.89100646972656 183.0081787109375
108.60493469238281 -86.76042175292969 189.88954162597656
93.4732666015625 -73.80864715576172 192.2926788330078
133.58148193359375 -108.71195983886719 168.18252563476562
133.94009399414062 -70.50981903076172 182.67538452148438
124.68983459472656 -64.46662902832031 189.4571533203125
108.17184448242188 -54.838043212890625 191.83633422851562
152.21844482421875 -80.78025817871094 168.0755157470703
145.201416015625 -43.418907165527344 182.23886108398438
135.47372436523438 -39.695098876953125 188.3739013671875
117.82841491699219 -33.75904846191406 190.28953552246094
165.05580139160156 -49.74421691894531 167.99659729003906
151.00653076171875 -14.659344673156738 181.74205017089844
141.22793579101562 -13.397780418395996 186.60011291503906
123.15760040283203 -11.381689071655273 187.53524780273438
171.6002197265625 -16.796531677246094 167.97119140625
54.94916534423828 -181.14312744140625 151.00454711914062
58.92024230957031 -194.2340087890625 132.48150634765625
89.23260498046875 -166.94247436523438 151.13597106933594
95.6812744140625 -179.007080078125 132.48150634765625
120.1634521484375 -146.3262939453125 151.2186737060547
128.76535034179688 -156.9010009765625 132.48150634765625
146.47943115234375 -120.08688354492188 151.23336791992188
167.09561157226562 -89.23258972167969 151.22265625
181.2962646484375 -54.949127197265625 151.21475219726562
188.53570556640625 -18.554006576538086 151.21221923828125
61.8447151184082 -203.87469482421875 112.40879821777344
63.90854263305664 -210.67822265625 91.25485229492188
100.43035888671875 -187.8920135498047 112.40879821777344
103.7818374633789 -194.1621856689453 91.25485229492188
135.15652465820312 -164.688720703125 112.40880584716797
65.26631164550781 -215.1542205810547 69.22100830078125
65.95609283447266 -217.42811584472656 46.521331787109375
105.98674011230469 -198.28726196289062 69.22100830078125
107.10688781738281 -200.38290405273438 46.521331787109375
65.99681854248047 -217.56236267089844 23.373085021972656
65.40921020507812 -215.62527465820312 1.8298625946044922e-05
107.17301940917969 -200.50662231445312 23.373085021972656
106.21879577636719 -198.72140502929688 1.8537044525146484e-05
64.23139190673828 -211.74253845214844 -23.373050689697266
62.60406494140625 -206.37796020507812 -46.52129364013672
104.30612182617188 -195.14305114746094 -23.373046875
101.66348266601562 -190.1990203857422 -46.52129364013672
140.3724365234375 -171.0443115234375 -23.373046875
136.8160400390625 -166.71084594726562 -46.52128982543945
60.649784088134766 -199.935546875 -69.2209701538086
58.27973175048828 -192.12254333496094 -91.25482177734375
98.48989868164062 -184.26165771484375 -69.2209701538086
94.64115905761719 -177.06114196777344 -91.25482177734375
132.54510498046875 -161.50668334960938 -69.2209701538086
127.36556243896484 -155.1953887939453 -91.25482177734375
161.50668334960938 -132.54510498046875 -69.2209701538086
155.1953887939453 -127.36557006835938 -91.25482177734375
177.06114196777344 -94.64114379882812 -91.25482177734375
184.26165771484375 -98.48988342285156 -69.2209701538086
192.12254333496094 -58.279701232910156 -91.25482177734375
55.402000427246094 -182.63592529296875 -112.4087905883789
52.11729049682617 -171.80770874023438 -132.48150634765625
89.96795654296875 -168.3182373046875 -112.4087905883789
84.63388061523438 -158.33889770507812 -132.48150634765625
121.0765151977539 -147.53216552734375 -112.4087905883789
113.89805603027344 -138.7852020263672 -132.48150634765625
147.53216552734375 -121.07652282714844 -112.4087905883789
138.78518676757812 -113.89805603027344 -132.48150634765625
168.31822204589844 -89.96794891357422 -112.4087905883789
158.33888244628906 -84.63388061523438 -132.48150634765625
182.63592529296875 -55.40196228027344 -112.4087905883789
171.80770874023438 -52.11726379394531 -132.48150634765625
189.9350128173828 -18.706918716430664 -112.4087905883789
199.80078125 -19.678606033325195 -91.25482177734375
178.67404174804688 -17.59781265258789 -132.48150634765625
48.52131652832031 -159.953369140625 -151.29669189453125
44.48702621459961 -146.65408325195312 -168.81585693359375
78.79434204101562 -147.41387939453125 -151.41259765625
72.24301147460938 -135.1571807861328 -169.97500610351562
106.0515365600586 -129.2093505859375 -151.4784698486328
97.34461975097656 -118.46626281738281 -170.63375854492188
129.3081817626953 -106.03936004638672 -151.45108032226562
119.45481872558594 -97.22274780273438 -170.35989379882812
147.6083526611328 -78.79434204101562 -151.3585205078125
137.10203552246094 -72.24301147460938 -169.4342498779297
160.1756591796875 -48.52129364013672 -151.25888061523438
148.87686157226562 -44.48700714111328 -168.43780517578125
166.57708740234375 -16.38360595703125 -151.19854736328125
154.82675170898438 -15.021394729614258 -167.83453369140625
39.60554885864258 -130.56201171875 -184.8374481201172
31.48531723022461 -103.79320526123047 -196.2825164794922
36.275840759277344 -119.58543395996094 -191.88638305664062
64.31592559814453 -120.32664489746094 -188.67544555664062
51.1293830871582 -95.6563720703125 -202.85696411132812
58.908775329589844 -110.21057891845703 -197.50149536132812
86.93655395507812 -105.46719360351562 -191.0644073486328
69.35905456542969 -83.84352111816406 -207.94419860839844
79.78163146972656 -96.60038757324219 -201.52394104003906
108.54841613769531 -86.5546875 -190.6282501220703
88.20286560058594 -68.80860137939453 -209.4500732421875
100.62141418457031 -79.27789306640625 -202.07984924316406
126.38622283935547 -64.31591796875 -187.96685791015625
104.21763610839844 -51.12939453125 -206.8223419189453
118.11209106445312 -58.908775329589844 -199.20960998535156
137.4894256591797 -39.60552978515625 -184.88504028320312
113.5906982421875 -31.485305786132812 -202.584228515625
128.6239471435547 -36.27582550048828 -195.25250244140625
142.98422241210938 -13.373125076293945 -183.00527954101562
118.13038635253906 -10.631272315979004 -199.92755126953125
133.76443481445312 -12.248825073242188 -192.8009033203125
24.454208374023438 -80.61475372314453 -196.0769805908203
39.71147918701172 -74.29498291015625 -201.71771240234375
53.905792236328125 -65.12010192871094 -206.17039489746094
68.77910614013672 -53.44269561767578 -207.6615447998047
81.47957611083984 -39.71150207519531 -205.57772827148438
88.83786010742188 -24.454208374023438 -202.03355407714844
92.3883056640625 -8.257173538208008 -199.803955078125
194.24508666992188 -19.122726440429688 143.26768493652344
139.1661834716797 -178.96157836914062 46.521331787109375
140.22671508789062 -178.4208526611328 23.373085021972656
142.414306640625 -173.94712829589844 69.22100830078125
179.53065490722656 -18.061134338378906 131.29859924316406
139.243896484375 -15.23895263671875 46.521331787109375
142.49481201171875 -15.440971374511719 69.22100830078125
149.09585571289062 -15.893157958984375 89.39830017089844
161.01455688476562 -16.734371185302734 110.61489868164062
187.4289093017578 -18.947105407714844 -57.082855224609375
174.692138671875 -17.994247436523438 -46.52129364013672
174.64712524414062 -60.42656707763672 -46.52129364013672
156.90411376953125 -16.649826049804688 -23.373048782348633
156.8773193359375 -59.922000885009766 -23.373048782348633
145.9613037109375 -15.807968139648438 1.8446846297592856e-05
145.93881225585938 -59.45893478393555 1.845436963776592e-05
140.30435180664062 -15.354438781738281 23.373085021972656
140.28355407714844 -59.030860900878906 23.373085021972656
139.22329711914062 -58.63700866699219 46.521331787109375
142.47305297851562 -58.27920150756836 69.22100830078125
149.35935974121094 -57.97856903076172 89.9410400390625
161.47894287109375 -57.703216552734375 111.22366333007812
156.851318359375 -101.90425872802734 -23.373048782348633
145.9169158935547 -101.94764709472656 1.8461694708094e-05
140.2633819580078 -101.39501953125 23.373085021972656
139.20350646972656 -100.33540344238281 46.521331787109375
142.4524688720703 -98.81231689453125 69.22100830078125
149.60321044921875 -96.92414855957031 90.44329071044922
145.89646911621094 -141.6306610107422 1.8468534108251333e-05
139.18356323242188 -142.3563995361328 46.521331787109375
140.24386596679688 -142.40811157226562 23.373085021972656
142.43077087402344 -141.5294952392578 69.22100830078125
54.601261138916016 -10.453920364379883 294.8577880859375
49.834503173828125 -10.453920364379883 296.9757995605469
38.47340774536133 -10.663290023803711 285.79541015625
43.231666564941406 -10.663290977478027 282.87554931640625
33.20443344116211 -10.663288116455078 271.4634704589844
28.776357650756836 -10.663288116455078 275.0457763671875
24.29448127746582 -10.663288116455078 278.6712951660156
33.655025482177734 -10.663290977478027 288.7509460449219
44.99635314941406 -10.4539213180542 299.1125183105469
7.434993743896484 -10.663283348083496 256.77423095703125
10.752544403076172 -10.663283348083496 252.21229553222656
19.563091278076172 -10.663285255432129 263.89013671875
15.579019546508789 -10.663286209106445 268.05035400390625
23.499483108520508 -10.663285255432129 259.7804260253906
14.052016258239746 -10.663283348083496 247.73614501953125
16.726303100585938 -8.635870933532715 284.7933349609375
15.635836601257324 -4.309240341186523 285.6754455566406
7.882128715515137 -4.309237957000732 276.08770751953125
8.851473808288574 -8.63586711883545 275.07550048828125
1.8950309753417969 -8.635865211486816 264.55267333984375
1.0998573303222656 -4.309235095977783 265.6770935058594
36.81971740722656 -8.493308067321777 302.71435546875
35.6413688659668 -4.309243679046631 303.23309326171875
24.34571647644043 -4.309241771697998 294.4608459472656
25.518129348754883 -8.635871887207031 293.74176025390625
64.0399169921875 -9.82580280303955 309.4237060546875
59.654178619384766 -9.825803756713867 310.57928466796875
73.82962036132812 -8.710284233093262 320.0908203125
77.31358337402344 -8.710282325744629 319.74163818359375
80.6981430053711 -8.710283279418945 319.34832763671875
68.33329010009766 -9.825803756713867 308.25128173828125
2.2636585235595703 -10.663280487060547 239.89602661132812
4.797216415405273 -10.663280487060547 235.24029541015625
-2.867776870727539 -10.001398086547852 223.39036560058594
-4.600828170776367 -10.001398086547852 227.6168212890625
-6.216527938842773 -10.001398086547852 232.0792694091797
-0.2112293243408203 -10.663281440734863 244.72898864746094
-4.695716857910156 -4.30923318862915 254.42298889160156
-4.141637802124023 -8.63586139678955 253.1893768310547
-8.560928344726562 -8.177186012268066 240.06756591796875
-8.880077362060547 -4.309231281280518 241.24270629882812
67.91410827636719 -7.300143718719482 320.64044189453125
67.05937957763672 -4.309248924255371 320.71807861328125
51.152374267578125 -4.309246063232422 312.7812805175781
52.223838806152344 -8.065607070922852 312.5048522949219
40.298912048339844 -10.255167007446289 301.18255615234375
28.979934692382812 -10.457764625549316 291.6184387207031
19.946151733398438 -10.457761764526367 282.1887512207031
4.2450714111328125 -10.457756042480469 261.2351379394531
11.713677406311035 -10.457758903503418 272.086669921875
17.341461181640625 -10.663283348083496 243.43585205078125
27.3763370513916 -10.663285255432129 255.78756713867188
37.534427642822266 -10.663288116455078 267.9520568847656
41.77918243408203 -10.663288116455078 264.4464111328125
31.396696090698242 -10.663285255432129 252.0730438232422
20.989633560180664 -10.66328239440918 239.67039489746094
63.275604248046875 -10.453920364379883 290.0648498535156
59.19054412841797 -10.4539213180542 292.7098693847656
47.853004455566406 -10.663290977478027 279.9803161621094
52.160552978515625 -10.663290977478027 276.8184509277344
55.38697814941406 -9.647366523742676 311.68792724609375
70.43338775634766 -8.564775466918945 320.4101867675781
72.40553283691406 -9.825803756713867 306.97833251953125
83.8543701171875 -8.710283279418945 318.81256103515625
86.40734100341797 -8.710283279418945 317.6321716308594
75.85912322998047 -9.825803756713867 305.0613098144531
7.392538070678711 -10.663280487060547 230.84597778320312
10.53454875946045 -10.663280487060547 227.21051025390625
1.4225101470947266 -10.001397132873535 216.3511962890625
-1.0237979888916016 -10.001397132873535 219.46380615234375
-2.4971046447753906 -10.457754135131836 249.5570068359375
-7.606203079223633 -9.81299877166748 236.618896484375
50.178619384765625 -10.663288116455078 257.2204284667969
54.475433349609375 -10.663288116455078 253.481689453125
63.37788772583008 -10.663290023803711 264.8980712890625
59.676116943359375 -10.663290977478027 269.0770263671875
69.51423645019531 -10.453920364379883 282.369140625
72.41734313964844 -10.4539213180542 278.0301208496094
30.137550354003906 -10.663283348083496 234.23876953125
35.118648529052734 -10.663283348083496 231.76670837402344
45.089141845703125 -10.663285255432129 242.4712371826172
40.35831832885742 -10.663285255432129 245.63418579101562
58.82414245605469 -10.663288116455078 249.69747924804688
49.87798309326172 -10.663286209106445 239.27011108398438
40.187355041503906 -10.663283348083496 229.29173278808594
75.3599853515625 -10.4539213180542 273.6344299316406
67.1252212524414 -10.663290023803711 260.6661071777344
66.16738891601562 -8.635869979858398 243.30734252929688
67.22545623779297 -4.309240341186523 242.38662719726562
74.36492919921875 -4.309241771697998 252.48974609375
73.45316314697266 -8.635871887207031 253.5194854736328
80.32695770263672 -8.493308067321777 266.20745849609375
81.04241943359375 -4.309243679046631 265.1370849609375
48.80964279174805 -8.635865211486816 225.1866455078125
50.0550537109375 -4.309235572814941 224.5988006591797
59.12979507446289 -4.309237957000732 233.0858154296875
57.96462631225586 -8.63586711883545 233.8646697998047
82.21463012695312 -9.82580280303955 294.1875
80.35638427734375 -9.825803756713867 298.26202392578125
89.1639175415039 -8.710284233093262 312.3972473144531
90.0749282836914 -8.710283279418945 309.0560607910156
91.01274108886719 -8.710283279418945 305.6724853515625
84.10722351074219 -9.825803756713867 290.06072998046875
24.463565826416016 -10.663280487060547 221.26809692382812
29.65286636352539 -10.663281440734863 219.6700439453125
18.238140106201172 -10.001398086547852 211.5593719482422
13.5629243850708 -10.001398086547852 212.3756103515625
9.099738121032715 -10.001398086547852 213.34841918945312
19.438621520996094 -10.663280487060547 222.9547119140625
26.51217269897461 -8.177186965942383 210.6377410888672
27.72488784790039 -4.309230804443359 210.52749633789062
39.97832489013672 -4.309232711791992 216.93701171875
38.667240142822266 -8.63586139678955 217.26846313476562
87.75209045410156 -4.309246063232422 282.0704650878906
87.29380798339844 -8.065607070922852 283.0776672363281
92.58123779296875 -7.300143718719482 299.9422912597656
92.80609893798828 -4.309248924255371 299.1140441894531
63.04323959350586 -10.45776081085205 246.0260009765625
70.76097106933594 -10.457763671875 256.55999755859375
78.21426391601562 -10.255167007446289 269.3677978515625
45.134422302246094 -10.457756042480469 226.92489624023438
54.52419662475586 -10.457758903503418 236.16439819335938
45.96867370605469 -10.663288116455078 260.8749084472656
35.75291442871094 -10.663285255432129 248.7587890625
25.33138656616211 -10.663283348083496 236.73150634765625
66.60204315185547 -10.4539213180542 286.5157165527344
56.02238464355469 -10.663290977478027 273.1253967285156
85.94002532958984 -9.647366523742676 286.0508728027344
91.91698455810547 -8.564776420593262 302.38330078125
88.08822631835938 -8.710283279418945 315.4125061035156
78.3956527709961 -9.825803756713867 302.0513610839844
14.660395622253418 -10.663280487060547 224.74752807617188
4.91261100769043 -10.001397132873535 214.4825439453125
22.950105667114258 -9.812999725341797 210.97909545898438
34.804473876953125 -10.457754135131836 218.25726318359375
33.20443344116211 2.044809341430664 271.4634704589844
28.77635955810547 2.044809341430664 275.0457763671875
38.473411560058594 2.044806718826294 285.79541015625
43.23167037963867 2.044806718826294 282.87554931640625
54.60126495361328 1.8354309797286987 294.8577880859375
49.83450698852539 1.8354312181472778 296.9757995605469
44.99635314941406 1.8354322910308838 299.1125183105469
33.655025482177734 2.0448079109191895 288.7509460449219
24.294483184814453 2.044809341430664 278.6712951660156
19.563093185424805 2.044811487197876 263.89013671875
15.579020500183105 2.044811248779297 268.05035400390625
7.43499755859375 2.0448131561279297 256.77423095703125
10.752547264099121 2.044813871383667 252.21229553222656
14.052014350891113 2.044814348220825 247.73614501953125
23.499486923217773 2.044811725616455 259.7804260253906
1.8950309753417969 0.017393343150615692 264.55267333984375
8.85147476196289 0.0173918716609478 275.07550048828125
16.72630500793457 0.017390523105859756 284.7933349609375
25.518131256103516 0.017389200627803802 293.74176025390625
36.81972122192383 -0.1251801997423172 302.71435546875
73.82962036132812 0.0917837917804718 320.0908203125
77.31358337402344 0.09178253263235092 319.74163818359375
64.0399169921875 1.2073078155517578 309.4237060546875
59.654178619384766 1.2073094844818115 310.57928466796875
68.33329772949219 1.2073076963424683 308.25128173828125
80.69815063476562 0.09178242832422256 319.34832763671875
-2.8677749633789062 1.3829387426376343 223.39036560058594
-4.600826263427734 1.3829375505447388 227.6168212890625
2.263660430908203 2.044816017150879 239.89602661132812
4.797218322753906 2.044816732406616 235.24029541015625
-0.2112274169921875 2.0448148250579834 244.72898864746094
-6.216529846191406 1.3829364776611328 232.0792694091797
-8.560924530029297 -0.44127699732780457 240.06756591796875
-4.141635894775391 0.017395133152604103 253.18939208984375
52.223838806152344 -0.5528857111930847 312.5048522949219
67.91410827636719 -1.3183549642562866 320.64044189453125
19.946151733398438 1.8392828702926636 282.1887512207031
28.979934692382812 1.8392813205718994 291.6184387207031
40.29891586303711 1.6366780996322632 301.18255615234375
11.713678359985352 1.8392841815948486 272.086669921875
4.245073318481445 1.8392856121063232 261.2351379394531
37.53443145751953 2.044809341430664 267.95208740234375
27.376340866088867 2.044811725616455 255.78756713867188
17.341463088989258 2.044814348220825 243.43585205078125
20.98963737487793 2.044814109802246 239.67039489746094
31.396697998046875 2.044811487197876 252.0730438232422
41.7791862487793 2.044809103012085 264.4464111328125
47.853004455566406 2.044806480407715 279.9803161621094
52.160552978515625 2.044806480407715 276.8184509277344
63.27385711669922 1.835430383682251 290.0627746582031
59.19054412841797 1.8354307413101196 292.7098693847656
70.43339538574219 -0.05372436344623566 320.4101867675781
55.38698196411133 1.028872013092041 311.68792724609375
83.85437774658203 0.09178178012371063 318.81256103515625
72.40553283691406 1.20730721950531 306.97833251953125
75.85213470458984 1.2073071002960205 305.052978515625
86.39627075195312 0.09178158640861511 317.6189880371094
1.4225120544433594 1.3829392194747925 216.3511962890625
-1.0237960815429688 1.382939100265503 219.46380615234375
7.392539978027344 2.0448169708251953 230.84597778320312
10.534549713134766 2.044816732406616 227.21051025390625
-7.606201171875 1.1945358514785767 236.618896484375
-2.497098922729492 1.8392870426177979 249.5570068359375
69.50201416015625 1.8354309797286987 282.3545837402344
72.41559600830078 1.8354312181472778 278.0280456542969
63.37788772583008 2.044806718826294 264.8980712890625
59.67612075805664 2.044806718826294 269.0770263671875
50.178619384765625 2.044809341430664 257.2204284667969
54.475433349609375 2.044809341430664 253.481689453125
45.08914566040039 2.044811487197876 242.4712371826172
40.35832214355469 2.044811725616455 245.63418579101562
30.137554168701172 2.044814348220825 234.23876953125
35.11865234375 2.044813871383667 231.76670837402344
40.18735885620117 2.0448129177093506 229.29173278808594
49.877986907958984 2.044811248779297 239.27011108398438
58.82414245605469 2.044809341430664 249.69747924804688
67.1252212524414 2.0448079109191895 260.6661071777344
75.3599853515625 1.8354322910308838 273.6344299316406
80.32696533203125 -0.1251801997423172 266.20745849609375
73.45316314697266 0.017389148473739624 253.5194854736328
66.16738891601562 0.017390446737408638 243.30734252929688
57.96462631225586 0.01739181950688362 233.8646697998047
48.80964660644531 0.017393330112099648 225.1866455078125
89.08879852294922 0.0917825996875763 312.3077392578125
90.0638656616211 0.09178348630666733 309.0428771972656
82.20764923095703 1.2073084115982056 294.17919921875
80.3074722290039 1.2073078155517578 298.2037353515625
84.10722351074219 1.207309603691101 290.06072998046875
91.01273345947266 0.0917840451002121 305.6724853515625
18.23814582824707 1.3829364776611328 211.5593719482422
13.562925338745117 1.3829375505447388 212.3756103515625
24.463571548461914 2.044816017150879 221.26809692382812
29.652868270874023 2.0448148250579834 219.6700439453125
19.43862533569336 2.044816732406616 222.9547119140625
9.099740982055664 1.3829386234283447 213.34841918945312
38.66724395751953 0.017395133152604103 217.26846313476562
26.51217269897461 -0.44127699732780457 210.6377410888672
92.58123779296875 -1.318354606628418 299.9422912597656
87.29380798339844 -0.5528856515884399 283.0776672363281
78.21426391601562 1.6366780996322632 269.3677978515625
70.76097106933594 1.8392808437347412 256.55999755859375
63.04323959350586 1.8392821550369263 246.0260009765625
54.524200439453125 1.8392839431762695 236.16439819335938
45.134422302246094 1.8392853736877441 226.92489624023438
25.331388473510742 2.0448145866394043 236.73150634765625
35.75291442871094 2.044811725616455 248.7587890625
45.96867752075195 2.044809341430664 260.8749084472656
56.02238464355469 2.044806480407715 273.1253967285156
66.58981323242188 1.8354307413101196 286.50115966796875
91.91697692871094 -0.05372389778494835 302.38330078125
85.94002532958984 1.0288722515106201 286.0508728027344
78.34674072265625 1.20730721950531 301.9930725097656
88.01309967041016 0.09178178012371063 315.3229675292969
4.9126129150390625 1.382939100265503 214.4825439453125
14.660396575927734 2.0448169708251953 224.74752807617188
34.804481506347656 1.8392870426177979 218.25726318359375
22.95010757446289 1.1945358514785767 210.97909545898438
